4
1
16 9 -1 10 12 -1 14 -1 -1 -1 -1 -1 -1 2 4 8
-1 -1 -1 5 -1 -1 -1 -1 3 -1 -1 13 -1 12 -1 15
-1 12 -1 -1 -1 -1 -1 -1 9 2 16 -1 -1 6 -1 -1
-1 1 -1 6 10 7 2 -1 -1 -1 -1 15 -1 5 -1 -1
-1 10 -1 13 -1 -1 -1 -1 -1 -1 -1 -1 -1 -1 12 -1
7 -1 -1 -1 5 -1 3 -1 4 6 -1 -1 16 -1 1 13
-1 6 2 -1 7 14 -1 13 -1 -1 1 8 -1 -1 -1 -1
-1 5 -1 9 8 -1 -1 -1 15 -1 10 -1 -1 4 -1 14
8 -1 3 -1 -1 4 -1 7 -1 -1 -1 14 9 -1 6 -1
-1 -1 -1 -1 13 3 -1 -1 12 -1 6 5 -1 8 16 -1
2 15 -1 16 -1 -1 5 11 -1 3 -1 1 -1 -1 -1 7
-1 4 -1 -1 -1 -1 -1 -1 -1 -1 -1 -1 3 -1 10 -1
-1 -1 15 -1 3 -1 -1 -1 -1 16 5 10 13 -1 11 -1
-1 -1 10 -1 -1 6 11 14 -1 -1 -1 -1 -1 -1 3 -1
9 -1 12 -1 15 -1 -1 10 -1 -1 -1 -1 6 -1 -1 -1
13 7 11 -1 -1 -1 -1 -1 -1 4 -1 12 5 -1 15 2