4
1
13 -1 11 -1 8 -1 4 -1 -1 5 16 -1 -1 2 -1 9
-1 12 -1 -1 6 -1 3 -1 -1 -1 13 1 -1 7 11 -1
16 14 4 -1 11 -1 -1 5 2 10 -1 -1 15 13 -1 12
-1 -1 7 -1 2 -1 -1 14 -1 15 9 -1 -1 -1 -1 -1
-1 2 -1 -1 4 -1 -1 -1 -1 3 -1 13 9 16 14 15
4 3 -1 7 -1 -1 10 -1 -1 8 -1 -1 -1 -1 -1 -1
5 -1 10 11 16 13 -1 15 -1 -1 1 -1 -1 -1 3 7
-1 -1 14 -1 -1 -1 -1 -1 -1 7 -1 -1 6 11 -1 -1
-1 -1 2 14 -1 -1 16 -1 -1 -1 -1 -1 -1 3 -1 -1
12 5 -1 -1 -1 11 -1 -1 13 -1 15 9 7 1 -1 8
-1 -1 -1 -1 -1 -1 5 -1 -1 2 -1 -1 12 -1 16 14
3 4 8 16 13 -1 12 -1 -1 -1 -1 7 -1 -1 5 -1
-1 -1 -1 -1 -1 9 1 -1 8 -1 -1 15 -1 6 -1 -1
1 -1 16 2 -1 -1 15 6 5 -1 -1 14 -1 8 9 11
-1 8 12 -1 5 4 -1 -1 -1 1 -1 16 -1 -1 15 -1
15 -1 5 -1 -1 8 7 -1 -1 9 -1 10 -1 12 -1 1