4
1
12 -1 -1 11 6 1 -1 -1 16 -1 -1 -1 15 -1 10 14
4 14 8 15 -1 -1 -1 10 -1 -1 -1 -1 -1 13 16 -1
-1 13 -1 -1 15 3 -1 14 1 -1 5 10 -1 -1 6 -1
5 -1 -1 -1 -1 -1 16 11 14 9 15 12 -1 -1 8 2
-1 -1 5 14 11 -1 13 8 -1 -1 -1 1 -1 15 -1 6
-1 -1 10 13 -1 7 2 -1 -1 -1 6 -1 -1 3 -1 8
-1 -1 -1 3 -1 -1 14 -1 9 15 11 8 5 -1 -1 -1
6 -1 11 4 -1 -1 1 -1 -1 -1 -1 2 12 10 14 -1
-1 3 14 9 12 -1 -1 -1 -1 16 -1 -1 13 1 -1 7
-1 -1 -1 12 14 16 3 13 -1 7 -1 -1 10 -1 -1 -1
10 -1 15 -1 -1 11 -1 -1 -1 12 13 -1 14 16 -1 -1
13 -1 7 -1 1 -1 -1 -1 11 2 -1 3 4 8 -1 -1
15 16 -1 -1 8 14 11 1 7 10 -1 -1 -1 -1 -1 3
-1 4 -1 -1 13 6 -1 16 3 -1 12 14 -1 -1 5 -1
-1 6 2 -1 -1 -1 -1 -1 13 -1 -1 -1 7 4 12 10
3 11 -1 10 -1 -1 -1 4 -1 -1 9 15 8 -1 -1 16