4
1
-1 9 10 2 -1 7 -1 -1 -1 -1 8 12 3 -1 -1 -1
3 7 8 -1 2 -1 -1 13 -1 10 -1 -1 -1 -1 14 12
14 13 12 -1 10 -1 -1 -1 -1 -1 16 -1 4 -1 6 11
-1 -1 6 -1 -1 -1 11 5 -1 3 9 -1 8 7 -1 10
2 -1 5 -1 -1 -1 10 11 -1 -1 -1 -1 13 12 3 -1
-1 14 -1 15 9 -1 -1 8 5 13 -1 3 -1 -1 10 -1
10 -1 -1 -1 5 -1 13 14 1 16 -1 6 -1 -1 9 4
-1 -1 -1 3 12 -1 7 4 10 9 11 -1 -1 -1 -1 -1
-1 -1 -1 -1 -1 13 3 7 8 11 -1 2 12 -1 -1 -1
5 3 -1 -1 1 -1 6 12 7 15 -1 9 -1 -1 -1 8
-1 8 -1 -1 11 -1 16 10 12 -1 -1 1 2 -1 7 -1
-1 1 7 10 -1 -1 -1 -1 3 6 -1 -1 -1 5 -1 15
15 -1 14 6 -1 16 4 -1 13 12 -1 -1 -1 2 -1 -1
13 2 -1 1 -1 11 -1 -1 -1 -1 -1 7 -1 4 12 16
16 11 -1 -1 -1 -1 5 -1 6 -1 -1 8 -1 14 15 13
-1 -1 -1 8 13 2 -1 -1 -1 -1 1 -1 9 3 11 -1