4
1
-1 -1 14 3 -1 7 -1 1 -1 5 -1 6 -1 11 -1 -1
-1 -1 -1 -1 16 8 5 11 9 2 -1 15 14 -1 -1 -1
12 -1 -1 -1 4 -1 3 6 10 -1 -1 -1 -1 -1 -1 2
-1 4 -1 11 10 -1 -1 -1 -1 -1 -1 16 7 -1 -1 12
4 8 -1 2 14 -1 -1 -1 5 16 -1 9 10 13 11 -1
-1 -1 -1 -1 -1 11 -1 -1 -1 12 4 -1 -1 -1 9 14
9 10 -1 -1 15 4 2 -1 14 1 -1 -1 -1 5 12 -1
-1 5 12 -1 7 -1 9 16 8 -1 -1 -1 -1 4 1 3
11 14 8 -1 -1 -1 -1 2 6 10 -1 12 -1 16 3 -1
-1 15 13 -1 -1 -1 7 14 -1 9 3 1 -1 -1 5 6
10 12 -1 -1 -1 16 6 -1 -1 -1 2 -1 -1 -1 -1 -1
-1 1 3 6 9 -1 8 5 -1 -1 -1 11 13 -1 10 7
14 -1 -1 10 6 -1 -1 -1 -1 -1 -1 5 12 -1 7 -1
3 -1 -1 -1 -1 -1 -1 10 7 15 -1 14 -1 -1 -1 5
-1 -1 -1 5 1 -1 16 7 12 13 10 2 -1 -1 -1 -1
-1 -1 16 -1 12 -1 11 -1 3 -1 1 -1 9 10 -1 -1