4
1
6 12 -1 -1 13 -1 -1 2 -1 5 3 -1 15 -1 -1 10
9 4 -1 2 5 -1 -1 -1 -1 12 -1 -1 -1 11 14 -1
11 14 16 -1 -1 -1 -1 -1 -1 4 15 7 -1 6 8 -1
5 -1 -1 7 -1 -1 -1 4 -1 -1 -1 14 9 1 -1 -1
-1 -1 -1 16 -1 9 -1 13 -1 -1 11 5 3 -1 -1 -1
4 -1 10 -1 -1 6 -1 -1 -1 -1 16 3 -1 -1 -1 -1
-1 -1 -1 -1 -1 -1 -1 -1 -1 15 -1 4 -1 -1 10 -1
-1 -1 11 15 8 -1 16 -1 1 -1 -1 12 -1 14 13 -1
-1 16 7 -1 9 -1 -1 11 -1 10 -1 15 1 8 -1 -1
-1 5 -1 -1 1 -1 2 -1 -1 -1 -1 -1 -1 -1 -1 -1
-1 -1 -1 -1 15 13 -1 -1 -1 -1 5 -1 -1 12 -1 16
-1 -1 -1 12 14 7 -1 -1 6 -1 1 -1 11 -1 -1 -1
-1 -1 1 8 2 -1 -1 -1 5 -1 -1 -1 13 -1 -1 7
-1 11 9 -1 4 15 5 -1 -1 -1 -1 -1 -1 2 1 14
-1 7 12 -1 -1 -1 13 -1 -1 -1 -1 6 10 -1 11 4
14 -1 -1 3 -1 10 12 -1 11 -1 -1 16 -1 -1 5 9