4
1
-1 -1 -1 14 9 -1 5 -1 -1 6 -1 16 -1 -1 -1 15
-1 6 -1 4 -1 3 -1 16 -1 -1 -1 7 -1 1 -1 11
-1 3 7 10 -1 14 -1 -1 4 9 -1 5 12 -1 -1 -1
9 -1 -1 -1 -1 12 7 6 -1 3 2 14 -1 5 4 8
-1 14 -1 -1 -1 4 -1 -1 13 16 9 -1 2 -1 -1 -1
-1 4 -1 -1 -1 5 6 2 12 -1 -1 -1 16 8 -1 -1
-1 16 9 3 -1 -1 1 11 5 15 -1 2 -1 12 -1 7
12 1 -1 6 3 9 -1 10 -1 -1 -1 -1 -1 -1 -1 5
13 -1 -1 -1 -1 -1 -1 -1 2 -1 4 9 6 -1 8 16
6 -1 3 -1 15 -1 9 14 16 5 -1 -1 11 2 12 -1
-1 -1 10 11 -1 -1 -1 8 6 14 12 -1 -1 -1 3 -1
-1 -1 -1 9 -1 2 12 1 -1 -1 11 -1 -1 -1 13 -1
7 10 1 -1 4 6 2 -1 3 11 5 -1 -1 -1 -1 13
-1 -1 -1 13 5 -1 8 9 -1 -1 16 -1 1 11 10 -1
14 -1 5 -1 16 -1 -1 -1 9 -1 6 -1 15 -1 2 -1
4 -1 -1 -1 11 -1 14 -1 -1 13 -1 8 7 -1 -1 -1