4
1
15 7 -1 6 -1 -1 13 -1 -1 8 -1 -1 1 -1 10 14
-1 -1 8 -1 -1 -1 5 4 13 14 -1 -1 -1 15 -1 -1
-1 14 -1 4 -1 -1 9 -1 -1 16 -1 -1 5 -1 13 -1
-1 12 5 13 14 -1 -1 1 9 -1 -1 15 7 11 4 -1
10 -1 -1 -1 6 -1 7 11 1 4 -1 14 -1 -1 -1 2
-1 -1 -1 14 10 16 -1 13 12 -1 2 8 3 -1 -1 -1
-1 -1 -1 3 -1 -1 -1 8 10 -1 -1 -1 14 -1 -1 -1
5 -1 6 -1 1 15 -1 -1 -1 -1 7 3 -1 4 -1 9
4 -1 16 -1 8 13 -1 -1 -1 -1 1 2 -1 14 -1 5
-1 -1 -1 10 -1 -1 -1 5 14 -1 -1 -1 12 -1 -1 -1
-1 -1 -1 7 4 1 -1 2 16 -1 8 12 15 -1 -1 -1
8 -1 -1 -1 12 -1 10 15 3 7 -1 5 -1 -1 -1 16
-1 8 13 16 7 -1 -1 12 6 -1 -1 10 9 5 15 -1
-1 4 -1 1 -1 -1 15 -1 -1 9 -1 -1 11 -1 12 -1
-1 -1 7 -1 -1 -1 6 9 5 3 -1 -1 -1 16 -1 -1
9 15 -1 5 -1 -1 1 -1 -1 12 -1 -1 2 -1 14 3