4
1
-1 13 16 1 -1 12 -1 11 14 -1 -1 3 -1 4 -1 10
-1 -1 7 11 -1 6 2 -1 -1 4 1 -1 -1 -1 5 9
-1 -1 -1 -1 -1 -1 -1 13 -1 -1 -1 -1 -1 16 -1 -1
-1 -1 4 9 -1 7 -1 3 -1 11 6 -1 -1 15 13 -1
-1 9 -1 -1 16 -1 -1 -1 12 -1 -1 -1 -1 -1 -1 4
16 -1 -1 4 6 -1 -1 -1 -1 9 15 -1 3 -1 11 -1
-1 12 5 -1 1 -1 -1 -1 11 14 -1 8 6 -1 -1 16
-1 11 -1 -1 -1 -1 -1 14 2 16 -1 -1 -1 13 -1 -1
-1 -1 3 -1 -1 -1 5 9 6 -1 -1 -1 -1 -1 1 -1
15 -1 -1 12 2 -1 7 6 -1 -1 -1 11 -1 14 3 -1
-1 1 -1 8 -1 4 13 -1 -1 -1 -1 7 15 -1 -1 5
14 -1 -1 -1 -1 -1 -1 15 -1 -1 -1 13 -1 -1 9 -1
-1 10 11 -1 -1 15 16 -1 1 -1 3 -1 12 8 -1 -1
-1 -1 2 -1 -1 -1 -1 -1 15 -1 -1 -1 -1 -1 -1 -1
8 15 -1 -1 -1 11 12 -1 -1 6 2 -1 9 7 -1 -1
1 -1 6 -1 10 -1 -1 5 9 -1 12 -1 16 11 2 -1