4
1
-1 11 7 -1 14 -1 5 15 8 10 -1 2 -1 13 6 -1
-1 -1 -1 -1 -1 7 -1 10 5 -1 15 -1 -1 -1 -1 -1
-1 10 3 14 11 -1 -1 -1 -1 -1 -1 4 2 12 7 -1
6 -1 15 13 -1 12 -1 4 14 -1 3 -1 16 8 -1 5
2 12 -1 -1 -1 6 7 -1 -1 3 16 -1 -1 -1 4 11
-1 -1 -1 8 -1 10 -1 12 4 -1 11 -1 14 -1 -1 -1
9 -1 -1 7 -1 -1 -1 2 10 -1 -1 -1 12 -1 -1 8
10 -1 14 -1 -1 9 -1 -1 -1 -1 5 -1 -1 3 -1 16
13 -1 6 -1 -1 11 -1 -1 -1 -1 4 -1 -1 16 -1 12
14 -1 -1 2 -1 -1 -1 6 16 -1 -1 -1 11 -1 -1 9
-1 -1 -1 11 -1 5 -1 8 3 -1 12 -1 6 -1 -1 -1
3 15 -1 -1 -1 16 2 -1 -1 8 7 -1 -1 -1 5 14
8 -1 4 6 -1 2 -1 5 9 -1 14 -1 15 7 -1 1
-1 5 1 3 9 -1 -1 -1 -1 -1 -1 10 8 6 16 -1
-1 -1 -1 -1 -1 4 -1 3 1 -1 8 -1 -1 -1 -1 -1
-1 9 13 -1 6 -1 1 16 7 5 -1 11 -1 14 3 -1