4
1
-1 -1 -1 11 3 -1 6 -1 -1 5 -1 2 4 -1 -1 -1
-1 8 15 -1 -1 2 14 1 13 4 11 -1 -1 10 3 -1
3 -1 -1 -1 12 13 -1 16 15 -1 14 6 -1 -1 -1 11
14 -1 -1 16 -1 10 -1 -1 -1 -1 3 -1 8 -1 -1 15
-1 16 -1 8 -1 1 -1 -1 -1 -1 12 -1 3 -1 15 -1
12 14 5 -1 4 -1 7 -1 -1 9 -1 1 -1 8 11 10
-1 1 6 3 -1 -1 -1 11 7 -1 -1 -1 5 4 13 -1
9 15 -1 -1 8 -1 -1 -1 -1 -1 -1 11 -1 -1 1 2
15 3 -1 -1 1 -1 -1 -1 -1 -1 -1 14 -1 -1 16 5
-1 5 14 1 -1 -1 -1 2 11 -1 -1 -1 15 3 9 -1
4 11 13 -1 15 -1 16 -1 -1 6 -1 5 -1 2 7 12
-1 12 -1 2 -1 4 -1 -1 -1 -1 9 -1 14 -1 6 -1
13 -1 -1 6 -1 15 -1 -1 -1 -1 2 -1 11 -1 -1 3
10 -1 -1 -1 13 6 -1 12 9 -1 5 8 -1 -1 -1 16
-1 9 11 -1 -1 14 3 7 10 15 4 -1 -1 6 8 -1
-1 -1 -1 15 2 -1 5 -1 -1 14 -1 3 9 -1 -1 -1