4
1
-1 -1 -1 -1 -1 6 13 -1 -1 1 -1 11 16 -1 -1 9
-1 13 -1 6 -1 -1 5 10 -1 -1 -1 15 -1 12 8 7
15 -1 -1 -1 -1 14 2 -1 -1 8 -1 -1 13 -1 -1 -1
7 -1 9 4 -1 -1 -1 -1 13 10 -1 -1 2 -1 15 -1
-1 -1 14 16 -1 1 7 4 -1 11 -1 -1 -1 -1 12 15
-1 -1 -1 -1 8 3 -1 5 -1 -1 -1 9 11 7 16 13
-1 -1 -1 -1 -1 -1 -1 -1 15 -1 8 -1 -1 6 -1 -1
-1 1 -1 -1 2 -1 -1 12 -1 3 13 -1 -1 9 14 -1
-1 6 4 -1 -1 8 15 -1 3 -1 -1 16 -1 -1 9 -1
-1 -1 5 -1 -1 7 -1 16 -1 -1 -1 -1 -1 -1 -1 -1
12 7 16 1 11 -1 -1 -1 14 -1 15 8 -1 -1 -1 -1
10 8 -1 -1 -1 -1 12 -1 11 7 9 -1 15 14 -1 -1
-1 16 -1 13 -1 -1 14 15 -1 -1 -1 -1 4 10 -1 12
-1 -1 -1 2 -1 -1 10 -1 -1 12 1 -1 -1 -1 -1 14
14 4 3 -1 7 -1 -1 -1 5 15 -1 -1 8 -1 11 -1
1 -1 -1 12 4 -1 9 -1 -1 16 6 -1 -1 -1 -1 -1