4
1
15 -1 -1 12 -1 16 4 5 11 -1 9 7 -1 13 6 -1
-1 1 -1 -1 -1 -1 -1 -1 -1 3 14 -1 2 -1 -1 -1
3 -1 -1 4 -1 8 13 -1 10 -1 -1 -1 -1 -1 -1 -1
2 -1 8 -1 -1 11 3 14 1 -1 -1 -1 -1 5 10 -1
-1 -1 -1 6 4 -1 -1 -1 -1 8 -1 -1 16 11 14 12
-1 3 -1 2 6 5 -1 7 -1 11 -1 -1 8 -1 -1 -1
-1 4 -1 -1 -1 -1 -1 3 6 -1 -1 -1 15 9 -1 -1
9 -1 1 10 -1 14 8 -1 2 -1 -1 -1 -1 7 4 -1
-1 7 16 -1 -1 -1 -1 4 -1 1 6 -1 5 8 -1 15
-1 -1 4 13 -1 -1 -1 1 3 -1 -1 -1 -1 -1 12 -1
-1 -1 -1 3 -1 -1 5 -1 16 -1 11 14 9 -1 13 -1
12 8 9 11 -1 -1 6 -1 -1 -1 -1 5 14 -1 -1 -1
-1 11 7 -1 -1 -1 -1 12 13 9 16 -1 -1 6 -1 2
-1 -1 -1 -1 -1 -1 -1 11 -1 4 5 -1 1 -1 -1 10
-1 -1 -1 16 -1 4 15 -1 -1 -1 -1 -1 -1 -1 3 -1
-1 2 6 -1 5 10 -1 13 15 14 8 -1 11 -1 -1 9