4
1
-1 -1 -1 4 3 9 -1 2 7 -1 -1 5 -1 -1 16 -1
5 12 6 7 -1 -1 -1 10 9 3 -1 -1 -1 2 13 -1
-1 3 11 -1 -1 -1 1 13 -1 -1 -1 2 -1 7 8 -1
-1 -1 -1 2 -1 16 7 -1 8 14 10 -1 3 -1 5 15
14 -1 12 -1 10 2 3 -1 -1 -1 -1 13 -1 -1 -1 7
-1 -1 -1 13 -1 11 -1 -1 16 7 15 8 1 -1 -1 6
-1 16 -1 1 -1 6 8 -1 2 10 -1 14 12 13 -1 -1
15 8 -1 6 -1 4 16 -1 -1 -1 -1 -1 -1 10 14 5
6 4 3 -1 -1 -1 -1 -1 -1 13 11 -1 15 -1 2 14
-1 -1 5 8 6 -1 4 12 -1 15 2 -1 13 -1 11 -1
11 -1 -1 15 8 10 2 16 -1 -1 3 -1 7 -1 -1 -1
7 -1 -1 -1 14 -1 -1 -1 -1 8 9 4 -1 12 -1 10
13 7 -1 3 -1 1 11 4 -1 12 14 -1 9 -1 -1 -1
-1 15 4 -1 9 -1 -1 -1 11 2 -1 -1 -1 6 12 -1
-1 11 16 -1 -1 -1 6 7 13 -1 -1 -1 4 14 1 3
-1 6 -1 -1 15 -1 -1 3 1 -1 4 10 11 -1 -1 -1