4
1
-1 -1 13 -1 11 9 -1 8 -1 10 16 -1 14 -1 -1 5
-1 14 -1 16 5 -1 -1 -1 1 -1 -1 -1 -1 -1 7 -1
3 -1 7 -1 -1 -1 14 -1 4 -1 -1 5 -1 11 6 10
-1 -1 -1 12 -1 16 -1 -1 11 -1 2 15 9 13 4 -1
-1 11 -1 -1 9 -1 -1 -1 -1 -1 -1 10 -1 4 14 8
-1 7 9 -1 1 -1 -1 10 5 4 -1 3 -1 16 12 -1
-1 -1 5 6 -1 -1 -1 14 15 -1 -1 -1 10 -1 -1 -1
-1 -1 2 -1 -1 -1 7 -1 -1 6 -1 -1 3 1 -1 -1
-1 -1 8 5 -1 -1 4 -1 -1 7 -1 -1 -1 6 -1 -1
-1 -1 -1 3 -1 -1 -1 15 8 -1 -1 -1 7 5 -1 -1
-1 13 4 -1 3 -1 8 6 9 -1 -1 12 -1 2 11 -1
15 12 1 -1 13 -1 -1 -1 -1 -1 -1 2 -1 -1 8 -1
-1 4 15 13 14 2 -1 9 -1 -1 7 -1 5 -1 -1 -1
11 9 6 -1 15 -1 -1 3 -1 1 -1 -1 -1 8 -1 4
-1 5 -1 -1 -1 -1 -1 1 -1 -1 -1 4 13 -1 15 -1
14 -1 -1 2 -1 11 5 -1 13 -1 3 16 -1 7 -1 -1