4
1
-1 7 8 -1 -1 -1 11 -1 -1 -1 -1 -1 9 5 -1 -1
-1 4 5 -1 1 -1 -1 12 -1 13 9 -1 -1 -1 11 -1
-1 -1 2 13 -1 -1 8 6 -1 4 -1 1 -1 -1 12 -1
-1 -1 -1 9 13 14 -1 10 -1 5 -1 15 -1 -1 8 -1
12 5 9 -1 -1 -1 -1 3 -1 -1 -1 -1 -1 11 -1 -1
-1 -1 -1 2 12 -1 -1 13 4 -1 -1 -1 -1 6 -1 3
3 10 -1 -1 7 -1 5 11 -1 -1 -1 13 -1 8 16 -1
-1 -1 13 -1 -1 4 -1 -1 -1 -1 15 12 5 -1 9 1
4 9 -1 10 11 16 -1 -1 -1 -1 13 -1 -1 3 -1 -1
-1 11 15 -1 6 -1 -1 -1 10 2 -1 7 -1 -1 13 12
8 -1 6 -1 -1 -1 -1 9 15 -1 -1 3 11 -1 -1 -1
-1 -1 12 -1 -1 -1 -1 -1 9 -1 -1 -1 -1 14 5 8
-1 14 -1 -1 15 -1 7 -1 13 -1 1 8 4 -1 -1 -1
-1 13 -1 -1 3 -1 4 -1 5 10 -1 -1 2 15 -1 -1
-1 6 -1 -1 -1 11 10 -1 3 -1 -1 9 -1 13 7 -1
-1 -1 11 8 -1 -1 -1 -1 -1 6 -1 -1 -1 1 3 -1