4
1
3 -1 -1 -1 -1 2 10 -1 4 15 -1 6 -1 -1 16 1
10 13 15 4 -1 -1 3 -1 -1 5 -1 -1 -1 -1 14 -1
-1 -1 5 16 -1 -1 1 14 -1 -1 -1 -1 15 10 11 -1
-1 -1 14 -1 16 15 7 5 -1 -1 11 -1 -1 9 3 -1
11 -1 -1 -1 1 7 -1 -1 -1 10 6 2 9 -1 -1 -1
-1 -1 -1 14 15 16 -1 -1 7 -1 5 1 6 -1 -1 12
6 3 -1 -1 13 -1 -1 -1 16 -1 -1 -1 14 4 2 15
2 -1 -1 -1 -1 8 6 3 9 -1 -1 -1 1 16 -1 -1
-1 -1 11 8 -1 -1 -1 7 6 16 2 -1 -1 -1 -1 14
5 12 3 2 -1 -1 -1 4 -1 -1 -1 14 -1 -1 1 16
16 -1 -1 6 2 14 -1 9 -1 -1 13 4 11 -1 -1 -1
-1 -1 -1 13 5 12 16 -1 -1 -1 10 3 -1 -1 -1 7
-1 16 7 -1 -1 5 -1 -1 8 4 15 9 -1 11 -1 -1
-1 15 6 11 -1 -1 -1 -1 5 14 -1 -1 2 1 -1 -1
-1 5 -1 -1 -1 -1 11 -1 -1 6 -1 -1 7 14 15 9
14 4 -1 -1 10 -1 9 15 -1 11 12 -1 -1 -1 -1 5