4
1
3 -1 -1 -1 11 -1 7 4 14 -1 16 13 -1 9 -1 8
-1 12 -1 1 -1 -1 -1 -1 7 -1 -1 -1 16 2 13 -1
13 8 15 -1 -1 -1 -1 12 -1 -1 5 9 -1 14 -1 -1
-1 9 -1 7 -1 -1 5 8 1 10 -1 2 11 -1 6 -1
2 -1 8 3 1 -1 -1 14 11 -1 -1 6 -1 -1 -1 4
1 -1 14 -1 -1 7 -1 -1 15 5 10 -1 -1 -1 -1 -1
-1 -1 -1 15 -1 6 12 -1 13 14 -1 -1 3 -1 -1 2
6 7 -1 12 4 13 11 -1 -1 -1 -1 8 1 16 -1 14
9 -1 7 8 5 -1 -1 -1 -1 6 2 12 14 -1 16 13
16 -1 -1 14 -1 -1 6 7 -1 8 15 -1 4 -1 -1 -1
-1 -1 -1 -1 -1 8 4 13 -1 -1 11 -1 -1 6 -1 7
10 -1 -1 -1 16 -1 -1 2 9 -1 -1 14 12 5 -1 15
-1 14 -1 10 3 -1 13 15 8 1 -1 -1 5 -1 11 -1
-1 -1 11 -1 12 14 -1 -1 3 -1 -1 -1 -1 13 1 16
-1 3 1 9 -1 -1 -1 11 -1 -1 -1 -1 2 -1 14 -1
5 -1 6 -1 7 4 -1 1 10 16 -1 11 -1 -1 -1 9