4
1
13 -1 -1 -1 9 10 -1 -1 6 -1 15 4 -1 3 -1 12
-1 -1 -1 -1 11 6 -1 -1 5 10 -1 14 9 13 -1 -1
6 14 5 -1 -1 -1 -1 -1 -1 13 -1 -1 7 15 -1 -1
-1 3 16 9 -1 -1 15 13 12 -1 -1 -1 4 -1 -1 -1
1 6 -1 -1 10 15 4 -1 -1 12 -1 7 -1 -1 5 8
16 -1 -1 -1 -1 1 -1 -1 10 -1 11 8 -1 -1 15 9
-1 7 12 -1 3 -1 -1 8 -1 -1 -1 15 6 -1 -1 -1
10 8 -1 15 -1 16 -1 12 4 3 -1 -1 2 -1 -1 -1
-1 -1 -1 7 -1 -1 9 14 3 -1 13 -1 8 -1 4 15
-1 -1 -1 8 16 -1 -1 -1 9 -1 -1 5 -1 6 12 -1
5 9 -1 -1 15 3 -1 4 -1 -1 12 -1 -1 -1 -1 16
4 15 -1 -1 6 -1 13 -1 -1 11 7 10 -1 -1 2 14
-1 -1 -1 13 -1 -1 -1 11 14 9 -1 -1 16 8 6 -1
-1 -1 2 16 -1 -1 3 -1 -1 -1 -1 -1 -1 11 14 5
-1 -1 14 4 8 -1 6 10 -1 -1 2 12 -1 -1 -1 -1
3 -1 8 -1 14 5 -1 15 -1 -1 10 13 -1 -1 -1 4