4
1
-1 -1 -1 14 -1 6 13 11 -1 -1 -1 2 -1 8 -1 -1
-1 -1 -1 -1 5 16 -1 3 -1 9 15 8 12 1 -1 -1
9 8 1 -1 -1 -1 -1 15 16 -1 -1 -1 -1 7 -1 -1
-1 3 -1 15 8 -1 -1 -1 -1 6 5 -1 2 -1 -1 9
3 16 -1 -1 -1 -1 4 10 5 13 -1 -1 7 -1 15 -1
-1 10 -1 13 -1 -1 -1 2 -1 -1 -1 -1 -1 -1 6 4
-1 2 -1 4 12 -1 15 -1 -1 10 -1 16 -1 -1 -1 3
-1 -1 15 -1 13 -1 -1 -1 -1 -1 6 12 -1 2 1 14
1 15 9 -1 11 2 -1 -1 -1 -1 -1 14 -1 13 -1 -1
4 -1 -1 -1 14 -1 3 -1 -1 11 -1 13 15 -1 2 -1
5 14 -1 -1 -1 -1 -1 -1 9 -1 -1 -1 3 -1 12 -1
-1 13 -1 3 -1 -1 8 1 4 2 -1 -1 -1 -1 5 10
2 -1 -1 5 -1 13 6 -1 -1 -1 -1 15 1 -1 10 -1
-1 -1 4 -1 -1 -1 -1 8 6 -1 -1 -1 -1 14 13 16
-1 -1 3 12 16 15 11 -1 14 -1 13 10 -1 -1 -1 -1
-1 -1 16 -1 3 -1 -1 -1 2 7 9 -1 6 -1 -1 -1