4
1
5 -1 -1 -1 -1 14 -1 -1 -1 7 11 -1 -1 12 15 2
10 15 -1 4 6 7 -1 -1 -1 -1 3 -1 -1 -1 13 -1
13 -1 14 -1 12 -1 3 -1 -1 -1 -1 8 -1 7 -1 -1
-1 -1 -1 -1 8 -1 -1 13 10 6 -1 14 -1 -1 5 -1
-1 -1 3 11 -1 -1 -1 -1 4 -1 10 -1 14 15 1 -1
6 9 -1 -1 11 -1 13 -1 3 -1 -1 -1 -1 -1 12 7
1 -1 -1 16 -1 -1 -1 4 9 -1 12 -1 -1 6 -1 -1
-1 -1 -1 13 1 2 16 5 15 14 -1 -1 11 -1 -1 -1
-1 -1 -1 7 -1 -1 9 3 2 8 5 10 15 -1 -1 -1
-1 -1 8 -1 -1 4 -1 7 6 -1 -1 -1 2 -1 -1 16
9 6 -1 -1 -1 -1 -1 15 -1 3 -1 11 -1 -1 8 4
-1 10 11 3 -1 16 -1 6 -1 -1 -1 -1 9 5 -1 -1
-1 1 -1 -1 15 -1 6 9 14 -1 -1 2 -1 -1 -1 -1
-1 -1 9 -1 16 -1 -1 -1 -1 15 -1 3 -1 2 -1 14
-1 14 -1 -1 -1 13 -1 -1 -1 -1 9 5 16 -1 11 15
2 16 7 -1 -1 12 5 -1 -1 -1 4 -1 -1 -1 -1 3