4
1
-1 1 11 -1 -1 -1 -1 -1 2 -1 5 9 15 -1 6 16
16 -1 2 3 4 1 10 -1 -1 -1 11 15 -1 -1 -1 -1
12 -1 14 8 -1 -1 -1 -1 3 -1 -1 13 -1 2 4 -1
15 -1 -1 -1 -1 9 14 -1 -1 1 -1 -1 -1 11 3 8
-1 -1 1 -1 15 4 5 -1 6 -1 3 -1 2 -1 -1 9
3 -1 -1 14 -1 8 12 -1 5 13 -1 -1 1 -1 -1 -1
-1 -1 -1 -1 13 11 -1 -1 10 8 -1 -1 -1 15 14 3
-1 4 -1 9 3 -1 1 -1 14 -1 -1 16 -1 8 13 -1
-1 16 15 -1 12 -1 -1 7 -1 5 -1 6 9 -1 8 -1
11 13 12 -1 -1 -1 15 1 -1 -1 10 8 -1 -1 -1 -1
-1 -1 -1 5 -1 -1 9 4 -1 2 1 -1 16 -1 -1 12
14 -1 -1 1 -1 5 -1 8 -1 15 12 3 -1 13 -1 -1
1 11 4 -1 -1 -1 8 -1 -1 9 2 -1 -1 -1 -1 6
-1 10 8 -1 9 -1 -1 12 -1 -1 -1 -1 4 5 -1 11
-1 -1 -1 -1 1 2 -1 -1 -1 6 8 5 3 10 -1 15
5 12 -1 2 7 10 -1 11 -1 -1 -1 -1 -1 9 1 -1