4
1
3 -1 8 -1 11 13 -1 -1 5 15 7 2 14 -1 -1 6
-1 -1 16 -1 -1 4 -1 7 14 -1 -1 6 15 5 -1 -1
-1 10 15 -1 2 -1 -1 12 -1 -1 -1 -1 9 16 7 3
5 9 12 -1 -1 -1 15 14 -1 10 16 -1 -1 -1 -1 -1
12 5 -1 -1 1 -1 -1 15 -1 4 -1 16 -1 14 -1 7
15 -1 -1 2 -1 12 -1 -1 11 1 3 -1 -1 -1 16 13
4 -1 -1 11 7 3 -1 13 -1 -1 -1 -1 12 -1 -1 -1
16 13 -1 -1 -1 10 -1 -1 -1 12 -1 7 11 4 8 -1
-1 16 5 15 13 -1 3 -1 -1 -1 9 -1 -1 -1 11 14
-1 -1 -1 12 -1 -1 -1 -1 6 -1 14 1 16 -1 -1 9
2 8 -1 -1 -1 7 14 1 -1 -1 11 -1 6 -1 -1 4
1 -1 11 -1 5 -1 12 -1 3 -1 -1 8 -1 -1 10 15
-1 -1 -1 -1 -1 14 13 -1 1 6 -1 -1 -1 3 4 5
9 12 2 1 -1 -1 -1 -1 7 -1 -1 10 -1 8 14 -1
-1 -1 14 10 9 -1 -1 3 15 -1 8 -1 -1 7 -1 -1
6 -1 -1 5 8 2 7 10 -1 -1 4 13 -1 15 -1 12