4
1
10 -1 -1 9 5 -1 11 -1 16 -1 -1 -1 8 -1 15 13
16 -1 13 -1 -1 -1 6 15 11 -1 -1 -1 10 5 -1 -1
-1 11 -1 -1 -1 1 13 8 3 -1 10 9 16 -1 7 -1
15 6 8 -1 -1 -1 -1 16 5 -1 -1 1 -1 -1 -1 12
-1 -1 2 8 13 10 9 -1 -1 5 15 12 -1 -1 -1 16
-1 -1 16 -1 8 7 -1 2 -1 10 4 13 -1 6 -1 -1
-1 -1 -1 -1 3 15 -1 -1 -1 -1 -1 14 -1 12 13 9
9 12 5 13 -1 -1 -1 -1 -1 -1 16 -1 15 10 8 -1
-1 7 1 11 -1 6 -1 -1 -1 -1 -1 -1 5 8 4 2
13 5 15 -1 11 -1 -1 -1 -1 -1 2 6 -1 -1 -1 -1
-1 -1 9 -1 1 2 7 -1 15 -1 8 5 -1 13 -1 -1
2 -1 -1 -1 14 3 5 -1 -1 12 11 7 1 9 -1 -1
6 -1 -1 -1 15 -1 -1 11 14 -1 -1 -1 -1 7 3 4
-1 15 -1 14 12 13 -1 3 4 7 9 -1 -1 -1 2 -1
-1 -1 10 16 -1 -1 -1 9 12 1 -1 -1 -1 15 -1 8
3 9 -1 5 -1 -1 -1 1 -1 13 -1 15 11 -1 -1 10