4
1
3 -1 -1 -1 -1 1 16 -1 -1 5 -1 7 -1 10 4 -1
15 14 7 12 -1 3 -1 9 -1 -1 -1 -1 -1 -1 -1 16
-1 8 -1 -1 -1 -1 -1 5 13 9 16 -1 12 -1 -1 3
5 16 -1 10 6 -1 -1 -1 -1 3 8 -1 15 13 7 -1
-1 -1 -1 5 16 -1 9 4 -1 8 -1 2 7 12 -1 -1
-1 9 8 -1 14 -1 5 12 -1 16 -1 -1 -1 -1 -1 -1
4 -1 -1 -1 -1 7 -1 2 5 -1 12 11 -1 6 -1 10
2 10 -1 15 -1 -1 -1 -1 -1 -1 -1 6 -1 5 16 -1
-1 15 3 -1 5 -1 -1 -1 -1 -1 -1 -1 4 -1 13 11
12 -1 11 -1 9 8 -1 10 15 -1 7 -1 -1 -1 -1 6
-1 -1 -1 -1 -1 -1 6 -1 2 13 -1 12 -1 9 14 -1
-1 -1 6 16 4 -1 11 -1 8 1 -1 9 10 -1 -1 -1
-1 13 5 3 -1 12 8 -1 -1 -1 -1 14 6 -1 9 7
10 -1 -1 2 -1 13 4 6 7 -1 -1 -1 -1 -1 5 -1
8 -1 -1 -1 -1 -1 -1 -1 4 -1 9 -1 3 2 11 1
-1 4 15 -1 2 -1 3 -1 -1 6 1 -1 -1 -1 -1 12