4
1
-1 -1 -1 -1 -1 13 -1 3 -1 -1 7 15 -1 10 -1 -1
-1 -1 -1 11 1 -1 15 8 -1 -1 -1 -1 2 6 -1 -1
-1 15 -1 3 -1 -1 -1 6 13 -1 -1 10 12 -1 -1 -1
10 16 12 -1 9 -1 5 -1 -1 8 -1 -1 -1 -1 11 13
14 -1 15 16 5 -1 -1 -1 7 -1 -1 -1 10 -1 9 -1
2 -1 7 -1 -1 -1 -1 -1 8 9 10 3 6 -1 15 5
-1 -1 -1 1 -1 9 -1 -1 -1 12 11 14 -1 -1 -1 -1
-1 3 -1 -1 -1 -1 10 -1 -1 -1 -1 -1 11 16 2 -1
-1 1 11 2 -1 -1 -1 -1 -1 7 -1 -1 -1 -1 6 -1
-1 -1 -1 -1 11 1 6 -1 -1 -1 3 -1 9 -1 -1 -1
5 13 -1 4 15 3 14 10 -1 -1 -1 -1 -1 2 -1 11
-1 14 -1 10 -1 -1 -1 9 -1 -1 -1 13 8 3 -1 12
4 10 -1 -1 -1 -1 11 -1 -1 14 -1 8 -1 15 12 9
-1 -1 -1 14 10 -1 -1 16 1 -1 -1 -1 13 -1 4 -1
-1 -1 16 12 -1 -1 -1 -1 15 13 -1 11 1 -1 -1 -1
-1 -1 13 -1 4 7 -1 -1 6 -1 12 -1 -1 -1 -1 -1