4
1
-1 -1 -1 8 4 -1 -1 -1 -1 -1 -1 13 -1 1 15 7
-1 6 -1 12 -1 -1 10 -1 4 16 -1 -1 -1 -1 -1 9
-1 -1 9 4 5 -1 16 -1 8 -1 15 -1 -1 3 10 -1
-1 -1 -1 7 12 15 13 2 -1 3 -1 -1 -1 14 -1 16
-1 -1 6 11 -1 -1 5 8 -1 -1 16 -1 -1 -1 -1 -1
8 -1 7 -1 -1 16 -1 12 9 -1 4 10 1 -1 -1 14
12 -1 -1 14 10 3 -1 9 -1 -1 -1 5 -1 16 13 -1
-1 15 -1 -1 -1 2 -1 -1 -1 -1 -1 11 3 -1 8 10
10 11 -1 6 15 -1 -1 -1 -1 -1 12 -1 -1 -1 9 -1
-1 7 14 -1 11 -1 -1 -1 5 -1 1 6 16 -1 -1 3
1 -1 -1 16 7 9 -1 3 10 -1 13 -1 -1 12 -1 5
-1 -1 -1 -1 -1 1 -1 -1 7 14 -1 -1 10 11 -1 -1
3 -1 4 -1 -1 -1 8 -1 14 7 9 2 11 -1 -1 -1
-1 14 8 -1 -1 13 -1 11 -1 10 -1 3 5 9 -1 -1
5 -1 -1 -1 -1 -1 1 10 -1 13 -1 -1 14 -1 3 -1
6 9 13 -1 2 -1 -1 -1 -1 -1 -1 12 7 -1 -1 -1