4
1
11 6 2 -1 -1 -1 9 -1 -1 -1 1 -1 -1 -1 16 7
12 -1 -1 -1 -1 -1 7 -1 6 -1 -1 10 -1 1 -1 9
-1 1 -1 -1 -1 -1 10 8 -1 -1 7 -1 2 -1 -1 3
-1 -1 10 8 3 1 -1 12 16 2 -1 -1 14 -1 -1 -1
-1 8 -1 -1 9 2 -1 10 -1 -1 16 13 4 -1 -1 -1
16 -1 12 -1 13 8 -1 -1 15 -1 5 2 9 -1 -1 -1
-1 -1 -1 4 -1 -1 -1 -1 -1 -1 -1 -1 -1 13 6 10
-1 5 -1 11 -1 12 -1 1 7 -1 -1 3 16 8 -1 -1
-1 -1 14 1 2 -1 -1 9 13 -1 11 -1 6 -1 8 -1
9 12 7 -1 -1 -1 -1 -1 -1 -1 -1 -1 5 -1 -1 -1
-1 -1 -1 10 5 4 -1 7 -1 -1 2 12 -1 15 -1 16
-1 -1 -1 15 12 13 -1 -1 4 -1 10 5 -1 -1 9 -1
-1 -1 -1 9 -1 -1 1 14 2 -1 15 8 3 12 -1 -1
1 -1 -1 7 -1 9 -1 -1 10 3 -1 -1 -1 -1 13 -1
2 -1 3 -1 8 -1 -1 11 -1 5 -1 -1 -1 -1 -1 6
14 11 -1 -1 -1 3 -1 -1 -1 7 -1 -1 -1 16 1 2