4
1
10 -1 5 -1 15 11 -1 12 -1 -1 -1 7 -1 -1 3 -1
16 3 8 -1 -1 -1 -1 13 -1 12 -1 14 11 5 -1 -1
-1 -1 15 -1 -1 -1 3 -1 9 16 8 -1 -1 13 7 -1
-1 -1 -1 14 -1 2 -1 4 -1 10 -1 5 9 -1 15 16
8 -1 -1 10 -1 -1 6 -1 3 15 7 13 5 -1 -1 -1
11 -1 -1 4 -1 -1 -1 -1 5 -1 -1 -1 13 14 10 -1
6 1 -1 -1 11 13 7 5 -1 -1 14 -1 -1 -1 -1 -1
-1 5 12 -1 1 14 -1 10 -1 8 -1 -1 -1 -1 6 2
12 8 -1 -1 -1 -1 14 -1 7 -1 6 2 -1 16 13 -1
-1 -1 -1 -1 -1 10 -1 -1 13 9 5 15 -1 -1 8 4
-1 13 4 1 -1 -1 -1 6 -1 -1 -1 -1 2 -1 -1 7
-1 -1 -1 9 2 8 13 1 -1 14 -1 -1 3 -1 -1 12
5 7 -1 3 14 -1 10 -1 8 -1 9 -1 12 -1 -1 -1
-1 2 1 -1 -1 12 5 8 -1 4 -1 -1 -1 15 -1 -1
-1 -1 6 12 9 -1 1 -1 2 -1 -1 -1 -1 10 14 11
-1 10 -1 -1 13 -1 -1 -1 16 -1 1 12 -1 4 -1 5