4
1
7 -1 2 -1 -1 15 -1 11 1 -1 12 -1 -1 3 -1 10
-1 -1 12 1 -1 9 -1 -1 -1 -1 3 -1 6 11 -1 -1
13 11 -1 15 14 -1 3 -1 -1 16 -1 10 9 -1 1 12
16 -1 -1 -1 -1 1 10 5 11 9 8 -1 -1 -1 -1 14
15 -1 10 13 -1 -1 -1 9 8 -1 -1 -1 7 4 -1 6
11 14 -1 -1 -1 -1 -1 -1 -1 -1 -1 -1 -1 -1 16 8
-1 16 3 12 -1 14 -1 -1 -1 -1 4 -1 2 13 9 -1
-1 -1 -1 6 16 -1 5 -1 -1 7 -1 2 15 -1 -1 -1
-1 -1 -1 2 9 -1 11 -1 -1 15 -1 16 4 -1 -1 -1
-1 12 11 10 -1 13 -1 -1 -1 -1 7 -1 1 16 15 -1
4 7 -1 -1 -1 -1 -1 -1 -1 -1 -1 -1 -1 -1 8 5
9 -1 16 8 -1 -1 -1 1 5 -1 -1 -1 3 14 -1 13
1 -1 -1 -1 -1 12 4 2 7 10 13 -1 -1 -1 -1 15
10 3 -1 16 6 -1 13 -1 -1 8 -1 1 14 -1 12 9
-1 -1 13 5 -1 16 -1 -1 -1 -1 9 -1 10 8 -1 -1
12 -1 6 -1 -1 3 -1 10 16 -1 15 -1 -1 1 -1 4