4
1
12 -1 -1 16 4 10 -1 -1 -1 -1 11 3 14 -1 -1 15
11 -1 -1 -1 8 5 -1 -1 -1 -1 1 6 -1 -1 -1 10
10 -1 14 1 15 -1 -1 2 12 -1 -1 7 4 16 -1 11
-1 -1 3 -1 -1 11 -1 -1 -1 -1 10 -1 -1 9 -1 -1
6 -1 15 4 -1 -1 11 -1 -1 14 -1 -1 8 10 -1 5
-1 12 -1 9 -1 -1 15 -1 -1 6 -1 -1 2 -1 4 -1
-1 3 -1 13 6 -1 14 -1 -1 5 -1 11 1 -1 15 -1
-1 10 -1 -1 -1 12 5 -1 -1 15 3 -1 -1 -1 7 -1
-1 14 -1 -1 -1 15 8 -1 -1 9 4 -1 -1 -1 12 -1
-1 8 -1 3 7 -1 12 -1 -1 1 -1 15 6 -1 9 -1
-1 4 -1 15 -1 -1 2 -1 -1 7 -1 -1 10 -1 11 -1
2 -1 12 11 -1 -1 4 -1 -1 3 -1 -1 5 15 -1 7
-1 -1 6 -1 -1 4 -1 -1 -1 -1 15 -1 -1 13 -1 -1
15 -1 13 2 12 -1 -1 5 8 -1 -1 16 9 4 -1 14
14 -1 -1 -1 2 3 -1 -1 -1 -1 7 4 -1 -1 -1 1
16 -1 -1 12 14 1 -1 -1 -1 -1 13 9 7 -1 -1 2