4
1
-1 -1 -1 16 4 -1 -1 -1 -1 -1 -1 15 3 -1 -1 -1
9 6 -1 -1 12 -1 5 13 11 1 -1 8 -1 -1 14 16
15 -1 -1 -1 -1 10 14 -1 -1 12 6 -1 -1 -1 -1 1
-1 5 -1 13 -1 3 16 -1 -1 10 9 -1 15 -1 6 -1
2 -1 -1 -1 5 -1 -1 -1 -1 -1 -1 9 -1 -1 -1 12
12 3 9 -1 7 2 -1 1 15 -1 10 5 -1 6 4 14
-1 -1 10 -1 -1 -1 4 -1 -1 14 -1 -1 -1 13 -1 -1
-1 16 1 5 -1 -1 -1 12 4 -1 -1 -1 10 7 9 -1
-1 1 16 4 -1 -1 -1 10 3 -1 -1 -1 9 2 12 -1
-1 -1 6 -1 -1 -1 2 -1 -1 11 -1 -1 -1 3 -1 -1
11 12 2 -1 8 7 -1 15 10 -1 4 6 -1 1 16 13
13 -1 -1 -1 16 -1 -1 -1 -1 -1 -1 1 -1 -1 -1 5
-1 2 -1 1 -1 12 3 -1 -1 6 15 -1 13 -1 7 -1
16 -1 -1 -1 -1 1 8 -1 -1 7 3 -1 -1 -1 -1 15
3 10 -1 -1 11 -1 15 5 9 4 -1 13 -1 -1 8 6
-1 -1 -1 9 13 -1 -1 -1 -1 -1 -1 14 4 -1 -1 -1