4
1
-1 16 -1 4 -1 -1 1 14 6 -1 9 -1 -1 -1 2 -1
-1 13 -1 -1 4 16 -1 12 -1 -1 -1 -1 -1 9 15 7
-1 -1 7 9 -1 13 -1 -1 -1 5 12 -1 11 -1 16 -1
-1 14 15 12 7 -1 -1 -1 16 -1 -1 13 -1 5 -1 3
5 -1 -1 -1 12 -1 -1 -1 14 6 11 15 13 -1 -1 -1
-1 -1 -1 1 -1 -1 -1 5 -1 -1 13 -1 12 11 -1 2
7 -1 12 16 2 9 -1 13 3 -1 -1 -1 14 8 -1 15
9 4 -1 -1 -1 14 16 11 -1 2 -1 12 -1 -1 -1 -1
-1 -1 -1 -1 14 -1 2 -1 5 8 3 -1 -1 -1 12 13
3 -1 13 5 -1 -1 -1 8 9 -1 15 11 7 16 -1 14
4 -1 1 14 -1 15 -1 -1 10 -1 -1 -1 3 -1 -1 -1
-1 -1 -1 15 1 11 3 16 -1 -1 -1 14 -1 -1 -1 9
15 -1 9 -1 8 -1 -1 1 -1 -1 -1 16 2 3 13 -1
-1 10 -1 11 -1 4 13 -1 -1 -1 7 -1 5 15 -1 -1
8 12 14 -1 -1 -1 -1 -1 1 -1 2 5 -1 -1 7 -1
-1 7 -1 -1 -1 5 -1 3 15 9 -1 -1 16 -1 8 -1