4
1
-1 -1 14 15 9 6 -1 -1 -1 8 -1 5 11 -1 12 -1
13 -1 -1 -1 15 14 -1 -1 -1 -1 1 -1 2 10 -1 -1
-1 8 6 -1 -1 2 -1 -1 12 -1 -1 -1 5 7 -1 1
12 2 1 -1 -1 -1 11 13 9 -1 -1 14 -1 -1 -1 3
5 -1 -1 1 -1 12 -1 -1 -1 6 -1 -1 -1 -1 13 10
-1 16 -1 -1 -1 -1 -1 7 -1 14 -1 1 -1 5 11 12
11 -1 -1 -1 13 1 -1 -1 8 -1 -1 -1 7 -1 -1 -1
-1 -1 9 13 -1 -1 10 2 7 -1 3 -1 14 -1 -1 -1
-1 -1 -1 3 -1 10 -1 14 5 11 -1 -1 6 15 -1 -1
-1 -1 -1 5 -1 -1 -1 12 -1 -1 8 3 -1 -1 -1 11
15 13 11 -1 2 -1 9 -1 6 -1 -1 -1 -1 -1 5 -1
6 1 -1 -1 -1 -1 5 -1 -1 -1 14 -1 16 -1 -1 9
4 -1 -1 -1 8 -1 -1 3 11 7 -1 -1 -1 14 10 2
14 -1 2 6 -1 -1 -1 10 -1 -1 16 -1 -1 12 15 -1
-1 -1 5 8 -1 13 -1 -1 -1 -1 4 15 -1 -1 -1 16
-1 11 -1 7 12 -1 2 -1 -1 -1 5 10 13 9 -1 -1