4
1
-1 11 12 -1 -1 3 2 -1 -1 -1 9 -1 -1 13 -1 -1
-1 3 -1 -1 12 11 -1 -1 -1 5 2 10 -1 9 14 4
7 14 -1 10 -1 -1 -1 13 8 -1 6 11 2 -1 -1 5
-1 -1 9 15 -1 -1 10 -1 13 12 7 -1 11 6 -1 -1
-1 1 5 -1 -1 2 -1 14 -1 -1 3 -1 -1 -1 4 -1
4 16 13 8 1 -1 3 12 -1 -1 -1 7 -1 -1 6 15
-1 12 -1 9 -1 -1 -1 -1 14 -1 4 -1 16 -1 -1 1
-1 -1 14 3 -1 -1 5 9 16 -1 15 13 -1 11 -1 -1
-1 -1 10 -1 2 14 -1 15 12 9 -1 -1 8 4 -1 -1
11 -1 -1 14 -1 9 -1 4 -1 -1 -1 -1 15 -1 10 -1
1 6 -1 -1 10 -1 -1 -1 5 7 -1 15 3 14 9 11
-1 9 -1 -1 -1 6 -1 -1 4 -1 14 -1 -1 7 16 -1
-1 -1 6 4 -1 12 8 5 -1 2 -1 -1 13 10 -1 -1
14 -1 -1 13 11 1 -1 2 3 -1 -1 -1 6 -1 5 9
12 5 16 -1 9 13 4 -1 -1 -1 1 14 -1 -1 2 -1
-1 -1 2 -1 -1 15 -1 -1 -1 13 10 -1 -1 12 11 -1