4
1
13 -1 -1 6 -1 -1 1 -1 2 12 3 -1 -1 -1 -1 8
-1 -1 1 -1 -1 3 8 6 -1 -1 5 -1 -1 9 -1 -1
-1 8 12 2 -1 -1 -1 -1 -1 -1 13 16 11 15 1 -1
-1 -1 5 -1 16 -1 -1 -1 -1 -1 -1 1 -1 10 -1 13
-1 -1 10 8 7 6 -1 -1 4 -1 -1 12 5 -1 -1 -1
6 4 15 -1 -1 -1 10 13 -1 2 -1 5 -1 -1 12 -1
14 -1 -1 -1 -1 1 11 9 -1 6 10 -1 -1 -1 2 4
11 -1 -1 -1 4 -1 -1 -1 -1 8 16 -1 -1 -1 7 -1
-1 7 -1 -1 -1 11 13 -1 -1 -1 -1 6 -1 -1 -1 9
15 16 -1 -1 -1 12 9 -1 1 13 4 -1 -1 -1 -1 10
-1 5 -1 -1 14 -1 6 -1 16 7 -1 -1 -1 1 13 12
-1 -1 -1 11 15 -1 -1 16 -1 -1 2 10 3 7 -1 -1
5 -1 8 -1 6 -1 -1 -1 -1 -1 -1 13 -1 3 -1 -1
-1 14 2 13 5 10 -1 -1 -1 -1 -1 -1 7 12 15 -1
-1 -1 7 -1 -1 9 -1 -1 10 5 1 -1 -1 4 -1 -1
9 -1 -1 -1 -1 13 12 1 -1 4 -1 -1 14 -1 -1 5