4
1
-1 -1 1 6 -1 14 -1 8 -1 11 15 -1 4 -1 -1 -1
-1 5 -1 -1 -1 9 13 -1 -1 -1 -1 -1 -1 10 7 3
-1 -1 3 -1 -1 -1 11 -1 7 8 -1 13 -1 6 -1 -1
-1 -1 -1 -1 -1 -1 1 -1 -1 -1 9 -1 -1 -1 11 14
12 -1 -1 1 13 -1 -1 6 11 5 -1 -1 7 -1 10 4
-1 -1 -1 5 -1 15 -1 9 8 -1 -1 3 2 -1 13 16
3 -1 -1 -1 -1 -1 12 -1 -1 13 -1 10 5 -1 14 -1
-1 -1 -1 -1 3 11 5 -1 15 7 -1 -1 -1 9 -1 -1
-1 -1 5 -1 -1 -1 6 12 -1 2 10 14 -1 -1 -1 -1
-1 3 -1 11 14 -1 2 -1 -1 4 -1 -1 -1 -1 -1 9
15 9 -1 2 10 -1 -1 11 5 -1 7 -1 16 -1 -1 -1
14 10 -1 16 -1 -1 7 5 6 -1 -1 11 13 -1 -1 1
6 12 -1 -1 -1 8 -1 -1 -1 9 -1 -1 -1 -1 -1 -1
-1 -1 9 -1 6 -1 4 7 -1 14 -1 -1 -1 13 -1 -1
2 16 14 -1 -1 -1 -1 -1 -1 12 6 -1 -1 -1 15 -1
-1 -1 -1 3 -1 12 16 -1 2 -1 13 -1 6 5 -1 -1