4
1
13 9 2 -1 -1 -1 -1 -1 16 -1 -1 -1 4 3 -1 -1
4 12 15 -1 -1 -1 -1 -1 9 13 -1 2 -1 6 14 11
-1 14 -1 1 -1 -1 -1 -1 15 -1 8 11 12 -1 -1 10
16 5 6 -1 -1 -1 -1 -1 10 3 12 -1 -1 -1 -1 1
-1 7 16 5 10 8 -1 -1 -1 -1 6 1 -1 -1 -1 -1
2 -1 -1 -1 12 -1 -1 -1 -1 11 7 -1 -1 -1 -1 -1
-1 -1 10 14 -1 9 6 4 -1 -1 16 -1 -1 -1 -1 -1
-1 15 9 -1 5 -1 7 -1 4 -1 -1 -1 -1 -1 -1 -1
-1 -1 -1 -1 -1 2 9 -1 -1 -1 -1 10 -1 12 -1 -1
-1 -1 -1 -1 -1 -1 -1 -1 6 4 5 13 -1 1 -1 -1
-1 -1 -1 -1 13 -1 -1 -1 -1 1 -1 12 -1 11 7 15
-1 -1 -1 -1 -1 14 -1 12 2 16 -1 -1 -1 8 10 9
11 -1 -1 9 -1 16 5 2 -1 -1 -1 -1 -1 14 15 6
-1 2 5 6 -1 -1 15 -1 -1 -1 -1 -1 13 -1 11 -1
14 1 3 -1 6 -1 13 -1 -1 -1 -1 -1 -1 -1 -1 7
10 -1 -1 -1 8 11 12 3 -1 -1 -1 -1 9 5 4 -1