4
1
5 -1 -1 -1 1 -1 13 6 10 7 -1 12 -1 -1 -1 15
-1 -1 -1 10 -1 5 2 -1 -1 1 9 -1 13 -1 -1 -1
-1 1 -1 13 -1 15 7 16 2 8 3 -1 14 -1 5 -1
-1 16 7 -1 -1 9 -1 -1 -1 -1 14 -1 -1 8 12 -1
13 12 15 4 -1 -1 1 -1 -1 3 -1 -1 5 9 2 10
8 6 -1 -1 -1 -1 12 13 9 10 -1 -1 -1 -1 11 3
1 -1 -1 7 10 -1 -1 -1 -1 -1 -1 13 15 -1 -1 4
-1 5 -1 -1 16 -1 -1 -1 -1 -1 -1 11 -1 -1 13 -1
-1 8 -1 -1 7 -1 -1 -1 -1 -1 -1 9 -1 -1 6 -1
14 -1 -1 5 3 -1 -1 -1 -1 -1 -1 10 16 -1 -1 9
4 13 -1 -1 -1 -1 6 9 15 12 -1 -1 -1 -1 3 8
10 7 6 9 -1 -1 16 -1 -1 5 -1 -1 12 15 1 14
-1 10 5 -1 -1 7 -1 -1 -1 -1 13 -1 -1 2 14 -1
-1 2 -1 12 -1 13 14 5 4 6 10 -1 9 -1 15 -1
-1 -1 -1 14 -1 12 3 -1 -1 11 5 -1 8 -1 -1 -1
6 -1 -1 -1 2 -1 15 1 7 9 -1 14 -1 -1 -1 5