4
1
-1 -1 -1 14 10 -1 3 -1 -1 4 -1 15 11 -1 -1 -1
4 16 -1 -1 1 -1 9 -1 -1 10 -1 13 -1 -1 2 3
-1 5 -1 -1 8 15 -1 -1 -1 -1 6 1 -1 -1 10 -1
-1 -1 11 -1 7 6 -1 5 8 -1 2 14 -1 9 -1 -1
9 3 -1 -1 -1 -1 -1 4 1 -1 -1 -1 -1 -1 15 8
-1 6 15 -1 -1 16 -1 10 7 -1 13 -1 -1 14 9 -1
1 7 -1 13 12 3 8 -1 -1 5 9 4 2 -1 6 16
-1 -1 -1 8 -1 -1 -1 -1 -1 -1 -1 -1 10 -1 -1 -1
-1 -1 -1 10 -1 -1 -1 -1 -1 -1 -1 -1 8 -1 -1 -1
12 8 -1 6 16 2 14 -1 -1 1 7 5 15 -1 13 10
-1 4 2 -1 -1 12 -1 13 3 -1 8 -1 -1 1 5 -1
14 15 -1 -1 -1 -1 -1 8 13 -1 -1 -1 -1 -1 4 2
-1 -1 8 -1 15 9 -1 14 2 -1 3 7 -1 10 -1 -1
-1 14 -1 -1 13 4 -1 -1 -1 -1 5 12 -1 -1 8 -1
5 13 -1 -1 11 -1 12 -1 -1 14 -1 6 -1 -1 3 7
-1 -1 -1 9 6 -1 2 -1 -1 16 -1 8 5 -1 -1 -1