4
1
-1 -1 2 -1 -1 13 10 6 -1 3 8 -1 1 4 -1 -1
-1 -1 -1 5 -1 15 -1 -1 2 -1 -1 -1 -1 -1 -1 -1
6 -1 8 -1 2 -1 16 -1 -1 -1 -1 -1 7 10 -1 11
10 -1 15 -1 -1 -1 -1 -1 6 5 -1 16 -1 -1 13 -1
-1 -1 -1 6 -1 8 14 -1 5 2 -1 -1 -1 11 -1 -1
7 -1 -1 -1 -1 2 -1 15 -1 16 3 9 -1 -1 8 14
8 -1 -1 3 6 7 9 -1 -1 4 -1 12 -1 1 -1 16
-1 11 -1 14 16 -1 -1 1 8 -1 10 -1 -1 -1 -1 7
1 -1 -1 -1 -1 10 -1 8 12 -1 -1 15 16 -1 3 -1
14 -1 10 -1 1 -1 3 -1 -1 13 4 2 11 -1 -1 5
9 7 -1 -1 12 16 6 -1 1 -1 11 -1 -1 -1 -1 4
-1 -1 3 -1 -1 -1 2 13 -1 14 6 -1 10 -1 -1 -1
-1 12 -1 -1 11 -1 7 4 -1 -1 -1 -1 -1 5 -1 10
11 -1 6 8 -1 -1 -1 -1 -1 12 -1 7 -1 13 -1 15
-1 -1 -1 -1 -1 -1 -1 10 -1 -1 1 -1 2 -1 -1 -1
-1 -1 4 10 -1 12 8 -1 14 6 16 -1 -1 7 -1 -1