4
1
1 -1 -1 -1 -1 -1 6 12 -1 4 16 -1 9 11 10 -1
-1 16 6 -1 -1 15 -1 9 10 -1 13 1 -1 -1 -1 2
-1 -1 -1 13 7 16 -1 3 15 -1 -1 -1 4 1 -1 -1
-1 3 10 -1 2 -1 -1 1 -1 7 5 9 -1 14 -1 16
11 8 -1 -1 13 -1 15 -1 12 -1 2 -1 10 -1 -1 -1
12 -1 -1 -1 -1 1 -1 -1 13 11 15 10 2 -1 -1 5
-1 -1 15 16 -1 14 -1 -1 -1 -1 -1 5 8 12 9 -1
-1 2 5 10 3 -1 12 -1 16 -1 -1 14 -1 -1 -1 1
3 -1 -1 -1 4 -1 -1 11 -1 16 -1 13 14 7 8 -1
-1 12 7 8 10 -1 -1 -1 -1 -1 3 -1 1 2 -1 -1
5 -1 -1 1 15 12 3 7 -1 -1 14 -1 -1 -1 -1 9
-1 -1 -1 4 -1 2 -1 8 -1 15 -1 11 -1 -1 12 10
10 -1 4 -1 6 11 7 -1 5 -1 -1 15 -1 9 13 -1
-1 -1 8 12 -1 -1 -1 13 11 -1 9 7 5 -1 -1 -1
9 -1 -1 -1 8 5 -1 14 3 -1 10 -1 -1 4 6 -1
-1 5 13 7 -1 10 9 -1 14 2 -1 -1 -1 -1 -1 8