4
1
-1 10 -1 3 4 2 -1 1 -1 16 -1 -1 6 -1 -1 -1
-1 -1 -1 -1 -1 -1 16 -1 -1 -1 -1 -1 -1 2 5 3
9 14 -1 -1 6 -1 -1 -1 -1 8 -1 -1 12 -1 -1 -1
-1 -1 8 -1 -1 -1 3 14 -1 5 -1 -1 13 15 -1 1
-1 9 -1 15 8 3 -1 -1 2 -1 -1 -1 -1 -1 -1 -1
3 -1 -1 -1 1 -1 13 -1 7 -1 12 -1 15 -1 -1 -1
-1 2 13 6 -1 4 -1 11 -1 -1 -1 -1 -1 5 -1 -1
-1 -1 10 -1 16 -1 12 5 9 13 -1 -1 8 14 -1 6
11 -1 5 1 -1 -1 9 3 13 12 -1 8 -1 10 -1 -1
-1 -1 3 -1 -1 -1 -1 -1 10 -1 7 -1 4 6 13 -1
-1 -1 -1 10 -1 12 -1 16 -1 14 -1 5 -1 -1 -1 2
-1 -1 -1 -1 -1 -1 -1 7 -1 -1 4 15 1 -1 8 -1
1 -1 12 14 -1 -1 5 -1 8 15 -1 -1 -1 16 -1 -1
-1 -1 -1 9 -1 -1 1 -1 -1 -1 -1 4 -1 -1 14 12
10 8 2 -1 -1 -1 -1 -1 -1 3 -1 -1 -1 -1 -1 -1
-1 -1 -1 4 -1 -1 14 -1 5 -1 6 13 10 -1 15 -1