4
1
-1 15 10 -1 -1 5 -1 -1 -1 11 7 -1 -1 14 -1 6
1 8 -1 -1 -1 -1 4 11 -1 -1 -1 12 -1 -1 16 -1
-1 -1 16 -1 7 -1 -1 12 15 -1 -1 -1 -1 8 -1 5
-1 11 9 12 16 8 -1 -1 -1 -1 -1 -1 -1 -1 -1 -1
-1 13 -1 -1 10 -1 16 -1 -1 8 5 -1 -1 -1 -1 14
6 9 -1 -1 3 -1 -1 -1 1 -1 -1 -1 12 5 -1 -1
7 -1 4 11 -1 -1 -1 -1 16 -1 10 -1 2 -1 -1 15
-1 -1 8 -1 5 11 6 13 -1 -1 2 7 -1 -1 -1 -1
-1 -1 -1 -1 8 16 -1 -1 14 12 6 1 -1 13 -1 -1
3 -1 -1 6 -1 12 -1 7 -1 -1 -1 -1 9 1 -1 8
-1 -1 13 15 -1 -1 -1 5 -1 -1 -1 9 -1 -1 7 3
8 -1 -1 -1 -1 6 11 -1 -1 2 -1 5 -1 -1 14 -1
-1 -1 -1 -1 -1 -1 -1 -1 -1 -1 1 4 14 15 13 -1
9 -1 6 -1 -1 -1 -1 10 13 -1 -1 15 -1 7 -1 -1
-1 14 -1 -1 6 -1 -1 -1 2 9 -1 -1 -1 -1 1 12
16 -1 2 -1 -1 14 15 -1 -1 -1 12 -1 -1 4 11 -1