4
1
6 -1 4 -1 14 -1 8 -1 -1 1 -1 -1 2 -1 13 5
1 -1 16 8 -1 9 -1 -1 -1 -1 3 13 -1 15 -1 -1
-1 3 -1 7 -1 1 -1 6 12 9 -1 4 -1 -1 14 16
14 -1 -1 -1 -1 16 7 -1 15 6 -1 -1 -1 12 4 -1
-1 13 12 -1 8 -1 -1 -1 -1 -1 9 11 -1 -1 -1 6
-1 4 -1 -1 10 -1 6 13 3 -1 -1 -1 7 16 5 -1
5 -1 7 6 -1 -1 3 -1 -1 15 8 -1 13 -1 -1 14
-1 -1 10 3 -1 14 -1 -1 -1 -1 13 -1 -1 1 -1 -1
-1 -1 15 -1 -1 2 -1 -1 -1 -1 10 -1 16 5 -1 -1
9 -1 -1 11 -1 3 14 -1 -1 8 -1 -1 15 10 -1 13
-1 5 13 16 -1 -1 -1 15 6 7 -1 12 -1 -1 1 -1
12 -1 -1 -1 16 13 -1 -1 -1 -1 -1 1 -1 14 7 -1
-1 10 9 -1 -1 -1 1 14 -1 12 7 -1 -1 -1 -1 3
16 1 -1 -1 3 -1 4 12 9 -1 6 -1 14 -1 15 -1
-1 -1 14 -1 7 6 -1 -1 -1 -1 5 -1 1 11 -1 12
11 7 -1 12 -1 -1 15 -1 -1 14 -1 3 -1 13 -1 4