4
1
11 -1 -1 -1 -1 -1 3 -1 -1 15 -1 -1 -1 -1 -1 2
10 -1 2 -1 13 11 -1 -1 -1 -1 3 1 -1 9 -1 12
-1 13 1 12 16 7 -1 -1 -1 -1 14 5 15 6 11 -1
-1 16 -1 14 -1 1 4 6 12 9 11 -1 5 -1 7 -1
16 11 5 -1 4 -1 -1 3 15 -1 -1 6 -1 7 14 1
-1 -1 -1 1 -1 -1 -1 11 8 -1 -1 -1 13 -1 -1 -1
6 2 -1 -1 1 -1 8 -1 -1 12 -1 9 -1 -1 3 11
-1 15 -1 -1 -1 -1 6 -1 -1 14 -1 -1 -1 -1 12 -1
-1 4 -1 -1 -1 -1 1 -1 -1 2 -1 -1 -1 -1 9 -1
8 1 -1 -1 14 -1 5 -1 -1 6 -1 12 -1 -1 15 10
-1 -1 -1 6 -1 -1 -1 16 7 -1 -1 -1 12 -1 -1 -1
13 12 9 -1 6 -1 -1 15 1 -1 -1 14 -1 8 2 5
-1 7 -1 2 -1 8 16 9 14 11 6 -1 3 -1 5 -1
-1 10 16 3 11 6 -1 -1 -1 -1 13 4 14 12 8 -1
1 -1 6 -1 12 4 -1 -1 -1 -1 2 8 -1 11 -1 16
5 -1 -1 -1 -1 -1 14 -1 -1 10 -1 -1 -1 -1 -1 7