4
1
7 11 -1 -1 9 12 -1 3 -1 -1 6 -1 10 -1 2 14
4 -1 2 -1 -1 -1 6 7 10 -1 -1 5 3 -1 -1 13
-1 -1 -1 -1 -1 10 13 14 -1 12 11 -1 4 -1 5 -1
10 13 8 -1 -1 -1 -1 11 7 -1 15 -1 -1 -1 -1 -1
-1 12 -1 -1 -1 1 -1 10 -1 9 -1 -1 -1 -1 -1 8
15 -1 14 8 -1 -1 -1 12 -1 4 -1 13 -1 6 -1 2
-1 -1 13 -1 5 9 -1 -1 -1 -1 -1 -1 -1 1 10 -1
-1 1 -1 2 -1 -1 -1 -1 -1 -1 7 15 11 13 12 3
11 15 6 14 12 4 -1 -1 -1 -1 -1 -1 2 -1 7 -1
-1 5 3 -1 -1 -1 -1 -1 -1 -1 12 2 -1 14 -1 -1
13 -1 16 -1 2 -1 10 -1 5 -1 -1 -1 15 3 -1 12
2 -1 -1 -1 -1 -1 1 -1 11 -1 3 -1 -1 -1 8 -1
-1 -1 -1 -1 -1 15 -1 4 3 -1 -1 -1 -1 12 13 7
-1 8 -1 16 -1 14 7 -1 12 2 5 -1 -1 -1 -1 -1
12 -1 -1 13 16 -1 -1 1 15 7 -1 -1 -1 2 -1 10
14 7 -1 10 -1 6 -1 -1 9 -1 1 8 -1 -1 11 5