4
1
-1 2 14 13 -1 4 -1 -1 -1 12 -1 -1 -1 15 -1 -1
-1 8 -1 15 14 -1 6 -1 1 -1 -1 -1 -1 -1 10 4
10 -1 -1 7 -1 8 15 -1 2 9 -1 11 -1 -1 -1 12
-1 -1 -1 -1 3 16 12 11 -1 -1 -1 5 -1 8 7 13
-1 -1 4 5 13 10 -1 -1 11 7 15 3 12 -1 6 -1
-1 -1 -1 -1 16 -1 -1 -1 4 -1 -1 12 10 2 -1 5
2 -1 7 -1 15 -1 -1 12 16 -1 -1 -1 3 4 11 -1
-1 14 13 -1 11 5 4 3 8 1 -1 -1 16 -1 -1 -1
-1 -1 -1 4 -1 -1 8 2 5 16 11 14 -1 3 15 -1
-1 11 5 16 -1 -1 -1 6 3 -1 -1 15 -1 12 -1 1
1 -1 15 2 7 -1 -1 14 -1 -1 -1 4 -1 -1 -1 -1
-1 13 -1 8 4 15 16 5 -1 -1 1 6 7 11 -1 -1
3 12 1 -1 2 -1 -1 -1 13 11 8 16 -1 -1 -1 -1
13 -1 -1 -1 6 -1 5 9 -1 15 3 -1 8 -1 -1 2
4 16 -1 -1 -1 -1 -1 15 -1 10 -1 7 1 -1 12 -1
-1 -1 8 -1 -1 -1 11 -1 -1 -1 9 -1 14 13 3 -1