4
1
5 -1 -1 -1 -1 -1 9 14 10 2 -1 -1 -1 -1 -1 3
10 -1 16 -1 13 4 6 -1 -1 11 3 9 -1 14 -1 1
-1 11 14 13 16 -1 -1 1 12 -1 -1 8 4 6 9 -1
3 -1 9 -1 8 -1 -1 -1 -1 -1 -1 4 -1 10 -1 15
8 12 -1 -1 14 -1 -1 10 13 -1 -1 1 -1 -1 6 16
-1 -1 -1 11 -1 1 7 -1 -1 9 8 -1 14 -1 -1 -1
-1 13 1 7 -1 9 -1 -1 -1 -1 14 -1 5 2 3 -1
4 -1 -1 5 -1 -1 -1 -1 -1 -1 -1 -1 1 -1 -1 11
6 -1 -1 10 -1 -1 -1 -1 -1 -1 -1 -1 11 -1 -1 5
-1 5 13 15 -1 16 -1 -1 -1 -1 4 -1 3 1 14 -1
-1 -1 -1 2 -1 15 1 -1 -1 12 13 -1 6 -1 -1 -1
1 4 -1 -1 5 -1 -1 11 9 -1 -1 3 -1 -1 15 13
2 -1 10 -1 7 -1 -1 -1 -1 -1 -1 13 -1 11 -1 8
-1 8 5 14 1 -1 -1 12 4 -1 -1 10 2 16 7 -1
9 -1 15 -1 3 10 14 -1 -1 6 11 16 -1 5 -1 4
12 -1 -1 -1 -1 -1 13 16 1 5 -1 -1 -1 -1 -1 14