4
1
-1 -1 -1 13 11 15 -1 -1 -1 -1 4 2 5 -1 -1 -1
-1 -1 10 -1 -1 14 -1 16 11 -1 12 -1 -1 15 -1 -1
15 -1 7 11 12 3 -1 -1 -1 -1 16 1 4 10 -1 14
-1 6 -1 -1 -1 2 7 -1 -1 14 3 -1 -1 -1 8 -1
1 -1 14 -1 -1 -1 4 7 16 15 -1 -1 -1 3 -1 2
8 -1 3 7 -1 -1 15 13 4 1 -1 -1 14 9 -1 6
6 -1 -1 -1 -1 -1 3 -1 -1 11 -1 -1 -1 -1 -1 8
13 9 -1 2 8 -1 -1 -1 -1 -1 -1 3 15 -1 1 4
10 3 -1 9 15 -1 -1 -1 -1 -1 -1 16 2 -1 11 13
12 -1 -1 -1 -1 -1 5 -1 -1 9 -1 -1 -1 -1 -1 10
11 -1 13 4 -1 -1 2 9 6 10 -1 -1 3 16 -1 15
7 -1 2 -1 -1 -1 10 11 3 5 -1 -1 -1 1 -1 9
-1 12 -1 -1 -1 7 11 -1 -1 2 10 -1 -1 -1 3 -1
16 -1 11 3 2 5 -1 -1 -1 -1 6 7 9 4 -1 12
-1 -1 6 -1 -1 10 -1 3 12 -1 11 -1 -1 13 -1 -1
-1 -1 -1 10 6 13 -1 -1 -1 -1 1 9 11 -1 -1 -1