4
1
-1 16 -1 -1 5 -1 2 -1 14 -1 15 10 -1 4 12 -1
10 11 -1 -1 16 -1 -1 -1 -1 3 5 -1 1 7 13 9
5 3 -1 -1 4 10 12 -1 -1 13 11 -1 -1 -1 -1 -1
-1 6 -1 12 3 11 -1 -1 2 -1 8 -1 5 -1 -1 -1
1 -1 -1 -1 10 -1 -1 -1 -1 14 -1 13 9 12 16 3
16 13 10 9 -1 4 -1 -1 11 -1 1 -1 6 14 -1 -1
-1 15 11 -1 1 -1 -1 14 9 -1 -1 -1 -1 13 -1 8
12 -1 -1 3 -1 5 9 16 4 8 -1 -1 -1 -1 -1 -1
-1 -1 -1 -1 -1 -1 15 3 8 16 2 -1 7 -1 -1 4
6 -1 3 -1 -1 -1 -1 10 7 -1 -1 9 -1 8 14 -1
-1 -1 12 14 -1 9 -1 1 -1 -1 4 -1 13 16 3 5
8 9 16 13 2 -1 4 -1 -1 -1 -1 6 -1 -1 -1 12
-1 -1 -1 16 -1 12 -1 4 -1 -1 9 5 8 -1 7 -1
-1 -1 -1 -1 -1 1 10 -1 -1 15 7 8 -1 -1 4 2
4 8 7 1 -1 3 16 -1 -1 -1 -1 2 -1 -1 9 10
-1 12 9 -1 7 2 -1 8 -1 6 -1 4 -1 -1 1 -1