4
1
3 4 -1 -1 9 -1 2 12 7 -1 -1 -1 6 -1 -1 14
-1 -1 -1 -1 -1 6 -1 -1 4 14 -1 -1 -1 12 7 9
12 8 2 -1 10 -1 -1 -1 6 -1 -1 -1 -1 16 -1 -1
-1 -1 -1 -1 4 -1 -1 3 -1 2 1 -1 5 -1 -1 -1
-1 14 -1 -1 12 10 -1 -1 -1 -1 9 13 -1 6 8 4
-1 10 11 -1 -1 1 13 -1 -1 7 -1 14 16 -1 12 -1
-1 -1 -1 -1 16 -1 11 -1 1 10 -1 6 -1 -1 15 3
-1 -1 16 -1 -1 -1 -1 7 -1 -1 -1 -1 -1 -1 13 5
10 15 -1 -1 -1 -1 -1 -1 11 -1 -1 -1 -1 5 -1 -1
13 6 -1 -1 11 -1 10 16 -1 9 -1 1 -1 -1 -1 -1
-1 12 -1 8 1 -1 4 -1 -1 5 3 -1 -1 13 6 -1
9 2 1 -1 5 8 -1 -1 -1 -1 12 4 -1 -1 14 -1
-1 -1 -1 3 -1 11 14 -1 13 -1 -1 15 -1 -1 -1 -1
-1 -1 4 -1 -1 -1 -1 10 -1 -1 -1 16 -1 7 5 15
8 5 12 -1 -1 -1 16 1 -1 -1 2 -1 -1 -1 -1 -1
2 -1 -1 16 -1 -1 -1 4 12 1 -1 5 -1 -1 3 6