4
1
-1 -1 -1 -1 4 7 -1 -1 -1 -1 -1 9 11 -1 1 -1
-1 -1 5 -1 -1 9 15 2 -1 6 -1 -1 -1 -1 4 3
11 -1 -1 3 -1 -1 -1 -1 -1 14 2 4 -1 -1 9 -1
-1 -1 9 -1 -1 -1 -1 -1 10 5 7 -1 -1 2 -1 -1
-1 13 10 4 14 -1 -1 7 -1 -1 -1 12 -1 15 -1 -1
-1 1 -1 6 -1 -1 4 -1 14 -1 -1 -1 -1 8 -1 11
-1 -1 -1 -1 8 1 11 15 -1 -1 4 -1 5 -1 -1 7
-1 -1 -1 15 9 10 -1 -1 -1 -1 13 -1 -1 14 -1 4
5 -1 2 -1 -1 3 -1 -1 -1 -1 10 7 1 -1 -1 -1
6 -1 -1 12 -1 11 -1 -1 16 9 15 14 -1 -1 -1 -1
7 -1 8 -1 -1 -1 -1 9 -1 13 -1 -1 12 -1 3 -1
-1 -1 16 -1 6 -1 -1 -1 1 -1 -1 3 14 4 5 -1
-1 -1 15 -1 -1 14 8 13 -1 -1 -1 -1 -1 10 -1 -1
-1 2 -1 -1 7 4 1 -1 -1 -1 -1 -1 3 -1 -1 8
13 6 -1 -1 -1 -1 5 -1 9 2 11 -1 -1 1 -1 -1
-1 10 -1 14 11 -1 -1 -1 -1 -1 12 6 -1 -1 -1 -1