4
1
1 -1 11 13 7 3 -1 -1 -1 -1 5 10 6 8 -1 14
3 -1 6 16 14 8 -1 -1 -1 -1 11 7 15 9 -1 5
-1 10 -1 -1 -1 -1 -1 -1 -1 -1 -1 -1 -1 -1 13 -1
8 2 -1 9 1 15 6 -1 -1 13 14 12 10 -1 16 3
-1 9 -1 -1 6 -1 4 -1 -1 12 -1 15 -1 -1 1 -1
-1 -1 -1 -1 2 -1 -1 -1 -1 -1 -1 4 -1 -1 -1 -1
-1 -1 8 14 -1 -1 15 10 2 7 -1 -1 12 5 -1 -1
7 -1 12 -1 -1 -1 -1 3 6 -1 -1 -1 -1 2 -1 11
4 -1 16 -1 -1 -1 -1 7 8 -1 -1 -1 -1 12 -1 10
-1 -1 13 5 -1 -1 9 12 11 15 -1 -1 1 3 -1 -1
-1 -1 -1 -1 10 -1 -1 -1 -1 -1 -1 9 -1 -1 -1 -1
-1 11 -1 -1 15 -1 5 -1 -1 16 -1 3 -1 -1 14 -1
12 8 -1 6 3 9 16 -1 -1 11 2 13 5 -1 7 1
-1 13 -1 -1 -1 -1 -1 -1 -1 -1 -1 -1 -1 -1 12 -1
9 -1 2 7 4 11 -1 -1 -1 -1 12 16 14 13 -1 15
14 -1 3 10 12 5 -1 -1 -1 -1 7 6 4 16 -1 2