4
1
-1 -1 -1 15 13 10 14 -1 -1 6 -1 1 -1 3 11 -1
1 -1 -1 12 -1 -1 -1 9 -1 13 3 4 -1 6 -1 -1
8 10 3 -1 4 -1 -1 -1 -1 -1 2 14 7 12 -1 -1
-1 -1 13 16 -1 3 -1 -1 -1 -1 -1 -1 8 -1 5 14
3 15 2 -1 12 -1 -1 -1 -1 -1 8 11 -1 5 -1 9
-1 13 14 -1 8 -1 -1 11 2 12 -1 -1 10 -1 -1 4
12 8 -1 -1 -1 1 -1 -1 -1 -1 -1 -1 -1 -1 -1 6
-1 -1 -1 -1 -1 13 -1 3 1 -1 5 -1 -1 -1 14 -1
-1 16 -1 -1 -1 14 -1 8 4 -1 13 -1 -1 -1 -1 -1
10 -1 -1 -1 -1 -1 -1 -1 -1 -1 1 -1 -1 -1 4 3
13 -1 -1 14 -1 -1 1 7 12 -1 -1 2 -1 15 16 -1
2 -1 5 -1 10 15 -1 -1 -1 -1 -1 9 -1 13 7 11
7 3 -1 2 -1 -1 -1 -1 -1 -1 6 -1 11 4 -1 -1
-1 -1 4 8 3 11 -1 -1 -1 -1 -1 13 -1 10 6 1
-1 -1 10 -1 1 4 15 -1 11 -1 -1 -1 5 -1 -1 12
-1 1 12 -1 6 -1 13 -1 -1 2 4 10 9 -1 -1 -1