4
1
-1 3 -1 -1 6 16 15 -1 -1 12 8 -1 -1 -1 -1 -1
16 -1 -1 9 -1 11 -1 8 -1 -1 -1 5 -1 10 7 4
7 -1 -1 8 -1 2 -1 -1 11 -1 -1 13 -1 -1 -1 -1
-1 14 10 -1 -1 -1 -1 -1 3 -1 6 -1 -1 9 11 -1
-1 -1 15 -1 2 -1 -1 -1 -1 3 10 16 -1 -1 -1 -1
14 7 -1 -1 -1 -1 -1 -1 -1 -1 -1 -1 -1 3 9 16
-1 9 -1 10 -1 -1 3 1 14 6 -1 -1 15 12 -1 -1
4 -1 3 -1 -1 13 -1 9 12 -1 11 -1 -1 -1 -1 14
6 -1 -1 -1 -1 8 -1 4 10 -1 2 -1 -1 16 -1 12
-1 -1 16 3 -1 -1 12 15 13 9 -1 -1 4 -1 10 -1
10 8 5 -1 -1 -1 -1 -1 -1 -1 -1 -1 -1 -1 15 11
-1 -1 -1 -1 5 10 7 -1 -1 -1 -1 6 -1 2 -1 -1
-1 2 4 -1 -1 7 -1 13 -1 -1 -1 -1 -1 1 6 -1
-1 -1 -1 -1 1 -1 -1 3 -1 -1 12 -1 2 -1 -1 8
1 10 7 -1 12 -1 -1 -1 6 -1 3 -1 14 -1 -1 9
-1 -1 -1 -1 -1 6 14 -1 -1 1 15 2 -1 -1 3 -1