4
1
-1 -1 13 6 -1 -1 -1 10 16 -1 5 9 -1 -1 -1 -1
-1 9 1 -1 3 -1 -1 12 -1 15 -1 -1 -1 -1 5 -1
-1 -1 14 -1 11 -1 5 -1 -1 -1 -1 -1 6 9 8 1
-1 -1 16 -1 15 7 13 -1 6 -1 14 8 -1 -1 -1 2
13 -1 -1 14 6 11 -1 -1 -1 -1 -1 16 9 5 1 -1
8 -1 -1 9 -1 3 -1 -1 -1 -1 1 4 12 -1 -1 -1
-1 12 -1 -1 -1 -1 4 2 13 14 -1 -1 11 6 -1 -1
2 -1 -1 16 -1 -1 10 -1 -1 9 -1 -1 -1 -1 13 15
12 7 -1 -1 -1 -1 3 -1 -1 13 -1 -1 15 -1 -1 9
-1 -1 2 13 -1 -1 1 15 14 7 -1 -1 -1 -1 16 -1
-1 -1 -1 15 7 5 -1 -1 -1 -1 9 -1 13 -1 -1 8
-1 10 6 3 9 -1 -1 -1 -1 -1 16 1 5 -1 -1 12
15 -1 -1 -1 16 14 -1 8 -1 11 6 13 -1 4 -1 -1
6 13 9 8 -1 -1 -1 -1 -1 5 -1 15 -1 16 -1 -1
-1 2 -1 -1 -1 -1 6 -1 9 -1 -1 14 -1 10 11 -1
-1 -1 -1 -1 4 1 -1 5 12 -1 -1 -1 8 15 -1 -1