4
1
8 13 -1 -1 -1 6 14 -1 -1 -1 10 2 -1 -1 -1 -1
14 9 -1 6 -1 -1 -1 -1 4 -1 -1 13 -1 5 3 7
-1 -1 5 3 9 12 -1 2 -1 -1 7 -1 10 4 -1 -1
-1 -1 11 2 16 -1 -1 5 -1 -1 -1 -1 -1 -1 6 13
-1 15 -1 -1 -1 -1 16 9 12 11 8 4 -1 -1 -1 -1
2 1 -1 13 -1 15 5 -1 -1 7 -1 14 11 -1 16 6
9 8 3 -1 -1 4 7 -1 6 5 -1 -1 -1 10 -1 2
-1 7 -1 12 6 -1 -1 -1 -1 10 -1 -1 3 9 5 4
12 6 9 8 -1 -1 1 -1 -1 -1 -1 5 4 -1 7 -1
15 -1 10 -1 -1 -1 4 6 -1 8 2 -1 -1 13 9 16
4 2 -1 5 11 -1 12 -1 -1 3 16 -1 6 -1 8 15
-1 -1 -1 -1 5 14 2 8 15 9 -1 -1 -1 -1 10 -1
7 11 -1 -1 -1 -1 -1 -1 16 -1 -1 1 12 3 -1 -1
-1 -1 15 4 -1 5 -1 -1 11 -1 3 10 16 6 -1 -1
3 5 14 -1 12 -1 -1 10 -1 -1 -1 -1 7 -1 4 9
-1 -1 -1 -1 13 1 -1 -1 -1 15 12 -1 -1 -1 2 5