4
1
-1 8 9 6 -1 4 -1 14 -1 -1 -1 -1 -1 -1 3 -1
14 -1 -1 7 -1 6 -1 -1 -1 3 -1 9 -1 -1 4 -1
-1 -1 -1 -1 -1 -1 5 16 2 -1 15 8 -1 12 14 10
5 16 -1 -1 -1 8 -1 -1 -1 -1 14 7 1 -1 -1 -1
-1 -1 15 3 -1 -1 -1 -1 8 -1 -1 -1 9 -1 -1 -1
-1 -1 -1 10 9 -1 -1 -1 -1 -1 3 -1 15 -1 5 -1
9 -1 2 -1 6 -1 -1 -1 4 11 12 -1 8 -1 -1 13
-1 -1 7 -1 10 -1 3 -1 -1 15 -1 -1 -1 -1 -1 12
12 -1 -1 -1 -1 -1 11 -1 -1 8 -1 14 -1 2 -1 -1
13 -1 -1 2 -1 3 10 9 -1 -1 -1 6 -1 5 -1 16
-1 1 -1 16 -1 5 -1 -1 -1 -1 -1 15 12 -1 -1 -1
-1 -1 -1 5 -1 -1 -1 7 -1 -1 -1 -1 11 10 -1 -1
-1 -1 -1 11 3 10 -1 -1 -1 -1 13 -1 -1 -1 12 6
4 7 13 -1 16 12 -1 2 9 6 -1 -1 -1 -1 -1 -1
-1 9 -1 -1 14 -1 15 -1 -1 -1 10 -1 3 -1 -1 8
-1 14 -1 -1 -1 -1 -1 -1 5 -1 2 -1 16 9 13 -1