4
1
-1 11 -1 12 16 15 -1 -1 7 -1 8 -1 -1 -1 -1 -1
-1 1 -1 15 -1 -1 -1 4 6 -1 5 10 -1 11 2 14
-1 14 -1 5 -1 13 10 1 -1 11 4 -1 -1 -1 -1 -1
-1 -1 -1 10 -1 -1 2 -1 -1 -1 9 -1 8 15 6 1
-1 4 -1 -1 15 16 6 -1 10 14 -1 1 -1 -1 -1 8
5 8 11 1 -1 -1 4 -1 -1 -1 -1 16 -1 6 -1 7
-1 -1 9 -1 7 -1 12 -1 -1 3 11 8 15 1 -1 -1
15 12 -1 -1 11 -1 -1 3 13 -1 -1 -1 -1 4 16 -1
-1 10 15 -1 -1 -1 -1 13 14 -1 -1 6 -1 -1 8 2
-1 -1 16 14 6 3 15 -1 -1 2 -1 12 -1 7 -1 -1
6 -1 3 -1 4 -1 -1 -1 -1 5 -1 -1 13 14 1 16
2 -1 -1 -1 5 -1 14 10 -1 4 16 7 -1 -1 11 -1
8 15 7 11 -1 4 -1 -1 -1 10 -1 -1 1 -1 -1 -1
-1 -1 -1 -1 -1 1 3 -1 16 12 14 -1 7 -1 15 -1
4 6 1 -1 10 14 -1 7 3 -1 -1 -1 2 -1 12 -1
-1 -1 -1 -1 -1 6 -1 15 -1 -1 1 11 9 -1 13 -1