4
1
5 -1 -1 -1 11 -1 -1 -1 16 -1 6 2 12 10 1 9
6 -1 1 -1 15 -1 8 -1 10 -1 12 5 2 -1 -1 -1
11 -1 9 -1 -1 2 -1 -1 -1 -1 -1 14 -1 3 16 -1
7 10 -1 2 -1 16 1 -1 4 9 -1 8 14 -1 -1 -1
10 11 2 3 14 -1 -1 -1 -1 -1 -1 9 -1 -1 4 13
12 1 -1 -1 -1 5 11 -1 -1 4 10 -1 9 7 -1 -1
-1 -1 -1 14 -1 4 9 7 -1 6 1 -1 16 -1 10 -1
8 7 -1 9 -1 -1 -1 16 2 14 -1 -1 -1 -1 -1 -1
-1 -1 -1 -1 -1 -1 2 5 9 -1 -1 -1 8 -1 13 6
-1 14 -1 15 -1 13 6 -1 1 10 8 -1 7 -1 -1 -1
-1 -1 13 12 -1 15 14 -1 -1 5 3 -1 -1 -1 11 10
1 8 -1 -1 16 -1 -1 -1 -1 -1 -1 4 15 5 9 3
-1 -1 -1 10 4 -1 5 14 -1 13 2 -1 3 -1 6 7
-1 4 7 -1 2 -1 -1 -1 -1 -1 9 -1 -1 15 -1 5
-1 -1 -1 1 10 9 -1 15 -1 8 -1 7 -1 16 -1 12
2 13 12 5 7 8 -1 6 -1 -1 -1 1 -1 -1 -1 11