4
1
-1 12 -1 9 -1 13 16 -1 -1 6 10 -1 7 -1 3 -1
16 -1 3 -1 9 -1 -1 11 7 -1 -1 14 -1 12 -1 2
-1 10 -1 -1 15 -1 2 -1 -1 13 -1 5 -1 -1 14 -1
7 -1 15 5 6 3 14 -1 -1 4 9 16 13 8 -1 1
-1 -1 11 14 -1 -1 8 -1 -1 1 -1 -1 4 16 -1 -1
9 8 4 -1 -1 -1 -1 13 6 -1 -1 -1 -1 10 1 3
-1 -1 -1 -1 14 -1 3 9 4 5 -1 13 -1 -1 -1 -1
1 -1 -1 -1 16 -1 -1 -1 -1 -1 -1 9 -1 -1 -1 5
12 -1 -1 -1 13 -1 -1 -1 -1 -1 -1 1 -1 -1 -1 6
-1 -1 -1 -1 10 -1 9 1 16 7 -1 3 -1 -1 -1 -1
2 1 8 -1 -1 -1 -1 15 14 -1 -1 -1 -1 5 16 13
-1 -1 13 16 -1 -1 6 -1 -1 9 -1 -1 1 14 -1 -1
14 -1 1 10 7 9 15 -1 -1 12 8 4 6 13 -1 11
-1 15 -1 -1 12 -1 11 -1 -1 3 -1 7 -1 -1 5 -1
13 -1 12 -1 8 -1 -1 6 9 -1 -1 10 -1 3 -1 7
-1 11 -1 7 -1 10 13 -1 -1 2 6 -1 8 -1 12 -1