4
1
2 14 -1 -1 1 -1 7 13 11 10 -1 3 -1 -1 5 15
11 7 3 -1 -1 -1 -1 -1 -1 -1 -1 -1 -1 8 10 13
8 -1 -1 6 3 4 -1 -1 -1 -1 16 12 7 -1 -1 14
-1 -1 10 -1 6 -1 12 14 8 9 -1 5 -1 16 -1 -1
-1 -1 15 -1 14 -1 -1 1 9 -1 -1 8 -1 7 -1 -1
-1 1 4 -1 -1 15 -1 8 16 -1 10 -1 -1 14 12 -1
-1 11 -1 8 -1 -1 -1 -1 -1 -1 -1 -1 5 -1 16 -1
14 -1 -1 -1 7 13 16 4 5 15 11 1 -1 -1 -1 3
15 -1 -1 -1 4 2 1 7 12 8 6 10 -1 -1 -1 16
-1 12 -1 7 -1 -1 -1 -1 -1 -1 -1 -1 4 -1 15 -1
-1 8 2 -1 -1 14 -1 9 4 -1 13 -1 -1 5 7 -1
-1 -1 13 -1 8 -1 -1 12 15 -1 -1 7 -1 11 -1 -1
-1 -1 14 -1 9 -1 5 16 2 13 -1 4 -1 10 -1 -1
1 -1 -1 2 13 6 -1 -1 -1 -1 9 16 15 -1 -1 5
16 5 7 -1 -1 -1 -1 -1 -1 -1 -1 -1 -1 4 13 9
4 13 -1 -1 12 -1 14 11 10 5 -1 6 -1 -1 1 2