4
1
-1 -1 1 -1 -1 10 16 -1 -1 12 4 -1 -1 6 -1 -1
-1 3 5 4 14 11 -1 -1 -1 -1 13 6 10 16 1 -1
-1 7 -1 -1 8 -1 4 12 2 15 -1 1 -1 -1 14 -1
11 -1 15 12 -1 -1 -1 -1 -1 -1 -1 -1 7 8 -1 4
-1 -1 8 11 -1 14 -1 9 16 -1 15 -1 1 4 -1 -1
16 -1 10 -1 -1 15 -1 -1 -1 -1 6 -1 -1 3 -1 13
4 15 -1 9 -1 -1 -1 16 10 -1 -1 -1 11 -1 5 6
-1 14 -1 6 -1 -1 3 -1 -1 5 -1 -1 9 -1 8 -1
-1 11 -1 2 -1 -1 1 -1 -1 10 -1 -1 12 -1 16 -1
7 5 -1 3 -1 -1 -1 15 4 -1 -1 -1 6 -1 9 10
1 -1 14 -1 -1 12 -1 -1 -1 -1 16 -1 -1 2 -1 3
-1 -1 16 10 -1 7 -1 5 14 -1 9 -1 13 1 -1 -1
2 -1 7 5 -1 -1 -1 -1 -1 -1 -1 -1 4 10 -1 1
-1 4 -1 -1 1 -1 13 14 6 3 -1 10 -1 -1 15 -1
-1 6 9 1 10 4 -1 -1 -1 -1 8 16 2 13 12 -1
-1 -1 13 -1 -1 16 2 -1 -1 4 5 -1 -1 9 -1 -1