4
1
-1 -1 -1 8 3 2 -1 -1 -1 16 -1 -1 -1 10 1 -1
-1 4 -1 -1 -1 -1 -1 8 -1 14 -1 -1 -1 3 12 -1
-1 -1 -1 -1 -1 13 1 5 -1 -1 -1 -1 -1 2 6 -1
10 -1 -1 -1 9 11 15 -1 -1 2 -1 8 -1 13 -1 16
16 5 11 -1 -1 -1 8 -1 -1 -1 12 1 13 9 -1 10
1 -1 -1 -1 10 3 -1 -1 -1 -1 -1 -1 4 -1 -1 5
-1 2 -1 -1 11 -1 6 9 14 -1 13 -1 -1 -1 8 15
-1 -1 -1 -1 -1 15 -1 1 -1 -1 -1 -1 11 -1 -1 6
6 -1 -1 5 -1 -1 -1 -1 15 -1 4 -1 -1 -1 -1 -1
4 3 -1 -1 -1 8 -1 6 2 13 -1 7 -1 -1 15 -1
7 -1 -1 15 -1 -1 -1 -1 -1 -1 8 12 -1 -1 -1 14
8 -1 2 10 15 1 -1 -1 -1 9 -1 -1 -1 11 3 12
13 -1 1 -1 16 -1 9 -1 -1 12 5 10 -1 -1 -1 8
-1 16 6 -1 -1 -1 -1 -1 9 4 7 -1 -1 -1 -1 -1
-1 9 8 -1 -1 -1 5 -1 16 -1 -1 -1 -1 -1 4 -1
-1 10 4 -1 -1 -1 12 -1 -1 -1 11 2 7 -1 -1 -1