4
1
12 13 -1 14 9 -1 8 -1 -1 -1 -1 -1 -1 6 -1 -1
-1 6 2 -1 -1 3 -1 -1 -1 14 -1 -1 8 5 -1 7
-1 16 -1 -1 -1 6 -1 -1 -1 10 15 5 -1 -1 -1 13
-1 -1 -1 -1 13 5 4 -1 3 9 -1 8 -1 -1 -1 14
6 15 11 -1 -1 14 13 4 -1 -1 -1 16 -1 1 -1 -1
4 -1 10 -1 5 -1 -1 2 13 -1 -1 -1 -1 -1 -1 16
-1 12 -1 1 -1 -1 -1 16 15 5 3 10 2 -1 -1 6
-1 2 -1 3 -1 10 -1 1 -1 -1 -1 -1 15 -1 -1 -1
-1 -1 -1 2 -1 -1 -1 -1 4 -1 11 -1 9 -1 6 -1
3 -1 -1 6 16 8 14 9 5 -1 -1 -1 4 -1 2 -1
16 -1 -1 -1 -1 -1 -1 13 9 -1 -1 3 -1 15 -1 8
-1 -1 4 -1 2 -1 -1 -1 6 8 10 -1 -1 16 12 3
10 -1 -1 -1 1 -1 3 14 -1 13 9 12 -1 -1 -1 -1
14 -1 -1 -1 4 9 12 -1 -1 -1 5 -1 -1 -1 1 -1
2 -1 9 13 -1 -1 10 -1 -1 -1 8 -1 -1 3 15 -1
-1 -1 8 -1 -1 -1 -1 -1 -1 2 -1 7 10 -1 14 5