4
1
16 -1 14 3 7 -1 -1 1 -1 -1 -1 -1 -1 6 -1 -1
9 6 -1 -1 14 -1 -1 3 -1 -1 16 5 13 -1 15 -1
-1 7 -1 -1 6 4 -1 12 15 3 1 -1 -1 2 9 14
-1 -1 -1 -1 15 -1 -1 -1 8 -1 9 14 4 3 7 -1
6 10 15 -1 -1 -1 13 -1 3 -1 -1 1 -1 -1 -1 -1
-1 -1 1 -1 -1 -1 11 5 -1 8 15 4 7 -1 -1 3
-1 8 3 11 2 -1 4 7 -1 16 -1 -1 -1 -1 6 1
-1 -1 7 9 -1 6 -1 -1 -1 14 12 -1 -1 8 -1 16
14 -1 12 -1 -1 2 10 -1 -1 -1 8 -1 15 16 -1 -1
2 5 -1 -1 -1 -1 12 -1 16 10 -1 7 8 11 4 -1
7 -1 -1 10 13 3 15 -1 2 4 -1 -1 -1 14 -1 -1
-1 -1 -1 -1 16 -1 -1 11 -1 1 -1 -1 -1 12 5 2
-1 4 10 2 11 5 -1 13 -1 -1 -1 8 -1 -1 -1 -1
15 14 8 -1 -1 16 2 10 1 -1 7 3 -1 -1 12 -1
-1 12 -1 7 8 15 -1 -1 4 -1 -1 2 -1 -1 14 5
-1 -1 9 -1 -1 -1 -1 -1 14 -1 -1 16 3 4 -1 8