4
1
12 -1 -1 -1 11 13 9 -1 -1 -1 -1 -1 14 -1 15 -1
-1 -1 2 -1 -1 -1 16 10 -1 -1 14 -1 6 -1 -1 1
4 14 5 -1 2 -1 -1 7 -1 -1 -1 9 -1 -1 -1 -1
-1 10 7 -1 -1 15 -1 5 11 16 6 4 -1 -1 3 -1
-1 -1 -1 -1 -1 4 -1 -1 -1 -1 1 10 -1 -1 14 8
1 3 -1 -1 -1 7 15 -1 2 -1 5 11 -1 -1 -1 16
-1 8 14 -1 -1 -1 2 11 7 -1 16 -1 -1 5 1 -1
-1 5 -1 -1 -1 -1 1 3 -1 -1 -1 -1 2 -1 -1 6
6 -1 -1 5 -1 -1 -1 -1 4 2 -1 -1 -1 -1 13 -1
-1 15 10 -1 -1 9 -1 12 3 6 -1 -1 -1 2 7 -1
2 -1 -1 -1 6 5 -1 15 -1 7 13 -1 -1 -1 8 3
3 11 -1 -1 13 14 -1 -1 -1 -1 15 -1 -1 -1 -1 -1
-1 4 -1 -1 7 11 13 8 12 -1 10 -1 -1 15 2 -1
-1 -1 -1 -1 14 -1 -1 -1 1 -1 -1 13 -1 16 6 7
5 -1 -1 14 -1 2 -1 -1 9 8 -1 -1 -1 1 -1 -1
-1 6 -1 8 -1 -1 -1 -1 -1 4 2 15 -1 -1 -1 13