4
1
15 -1 -1 -1 12 -1 13 -1 -1 -1 -1 -1 10 4 -1 1
-1 12 -1 -1 4 8 -1 11 -1 3 -1 -1 -1 6 -1 9
-1 -1 13 -1 7 5 10 -1 -1 -1 12 16 15 -1 -1 3
3 -1 -1 5 14 15 -1 6 -1 10 7 -1 -1 -1 -1 -1
-1 3 -1 -1 -1 -1 -1 -1 1 -1 -1 -1 -1 10 2 -1
-1 -1 9 -1 16 -1 -1 -1 11 5 14 -1 -1 -1 13 -1
12 -1 14 -1 -1 -1 15 13 -1 -1 -1 2 6 -1 -1 -1
11 16 6 8 -1 -1 12 5 -1 -1 4 -1 -1 -1 7 -1
-1 1 -1 -1 -1 9 -1 -1 2 16 -1 -1 14 12 11 8
-1 -1 -1 10 15 -1 -1 -1 3 1 -1 -1 -1 16 -1 13
-1 14 -1 -1 -1 16 4 2 -1 -1 -1 11 -1 3 -1 -1
-1 15 11 -1 -1 -1 -1 14 -1 -1 -1 -1 -1 -1 1 -1
-1 -1 -1 -1 -1 4 11 -1 12 -1 10 5 8 -1 -1 6
10 -1 -1 15 13 1 -1 -1 -1 2 6 3 -1 11 -1 -1
5 -1 12 -1 -1 -1 16 -1 14 -1 8 9 -1 -1 3 -1
4 -1 8 6 -1 -1 -1 -1 -1 15 -1 7 -1 -1 -1 2