4
1
-1 -1 6 -1 -1 1 -1 -1 4 -1 -1 15 3 -1 10 -1
7 14 -1 -1 6 16 -1 3 -1 -1 -1 -1 15 12 -1 -1
11 12 3 -1 -1 15 13 -1 6 -1 9 -1 16 -1 -1 2
-1 -1 -1 -1 -1 4 14 -1 12 16 3 -1 11 -1 -1 -1
1 -1 14 -1 -1 12 -1 -1 -1 -1 -1 2 -1 10 -1 -1
-1 -1 -1 10 14 6 -1 -1 -1 4 15 -1 -1 9 -1 3
-1 8 -1 2 -1 -1 3 15 -1 12 -1 1 -1 -1 -1 -1
3 4 -1 -1 8 -1 -1 -1 11 5 7 -1 -1 14 12 -1
-1 11 9 -1 -1 3 12 13 -1 -1 -1 8 -1 -1 14 5
-1 -1 -1 -1 9 -1 15 -1 16 10 -1 -1 4 -1 1 -1
10 -1 4 -1 -1 14 2 -1 -1 -1 6 11 12 -1 -1 -1
-1 -1 8 -1 10 -1 -1 -1 -1 -1 14 -1 -1 7 -1 11
-1 -1 -1 12 -1 2 10 6 -1 14 11 -1 -1 -1 -1 -1
14 -1 -1 8 -1 9 -1 5 -1 3 12 -1 -1 6 2 16
-1 -1 11 9 -1 -1 -1 -1 2 -1 16 13 -1 -1 5 12
-1 3 -1 5 12 -1 -1 14 -1 -1 1 -1 -1 4 -1 -1