4
1
-1 7 11 10 9 8 2 -1 -1 5 4 -1 -1 14 6 -1
6 -1 -1 -1 10 -1 16 -1 -1 3 -1 -1 1 -1 5 -1
-1 -1 13 -1 14 -1 -1 5 10 -1 2 6 -1 11 16 7
5 -1 3 1 -1 -1 4 -1 11 -1 -1 -1 -1 9 -1 12
-1 1 -1 -1 -1 16 -1 -1 3 -1 -1 8 13 10 -1 -1
12 4 -1 -1 -1 -1 1 -1 -1 2 13 -1 11 3 -1 -1
-1 16 -1 -1 -1 4 -1 8 -1 -1 -1 11 2 12 -1 -1
-1 10 -1 11 3 14 -1 2 9 4 -1 -1 -1 -1 -1 -1
-1 -1 -1 -1 -1 -1 10 6 13 -1 15 14 7 -1 3 -1
-1 -1 1 14 11 -1 -1 -1 6 -1 5 -1 -1 -1 15 -1
-1 -1 6 3 -1 7 5 -1 -1 11 -1 -1 -1 -1 2 16
-1 -1 8 2 15 -1 -1 1 -1 -1 3 -1 -1 -1 11 -1
13 -1 12 -1 -1 -1 -1 4 -1 16 -1 -1 10 7 -1 14
1 9 10 -1 16 15 -1 11 2 -1 -1 4 -1 5 -1 -1
-1 8 -1 5 -1 -1 3 -1 -1 6 -1 15 -1 -1 -1 11
-1 6 2 -1 -1 5 7 -1 -1 13 1 3 4 15 9 -1