4
1
-1 10 2 -1 -1 -1 -1 15 11 -1 -1 -1 -1 13 9 -1
-1 -1 -1 6 -1 13 14 -1 -1 15 3 -1 16 -1 -1 -1
13 8 -1 3 -1 1 -1 5 4 -1 2 -1 10 -1 15 12
-1 15 -1 5 -1 -1 7 3 14 1 -1 -1 4 -1 2 -1
3 -1 -1 11 9 10 16 -1 -1 6 14 5 7 -1 -1 8
16 4 -1 10 -1 11 -1 -1 -1 -1 8 -1 14 -1 12 9
12 -1 -1 -1 -1 -1 5 -1 -1 4 -1 -1 -1 -1 -1 10
-1 1 -1 -1 14 -1 -1 -1 -1 -1 -1 16 -1 -1 3 -1
-1 16 -1 -1 3 -1 -1 -1 -1 -1 -1 11 -1 -1 5 -1
15 -1 -1 -1 -1 -1 2 -1 -1 7 -1 -1 -1 -1 -1 11
11 3 -1 4 -1 12 -1 -1 -1 -1 1 -1 6 -1 16 13
7 -1 -1 1 11 14 10 -1 -1 2 12 9 15 -1 -1 4
-1 6 -1 12 -1 -1 13 14 9 3 -1 -1 11 -1 10 -1
1 14 -1 16 -1 5 -1 11 6 -1 10 -1 2 -1 4 3
-1 -1 -1 15 -1 9 6 -1 -1 11 16 -1 8 -1 -1 -1
-1 11 8 -1 -1 -1 -1 12 1 -1 -1 -1 -1 5 6 -1