4
1
-1 -1 -1 2 -1 -1 12 -1 14 -1 -1 -1 -1 -1 9 -1
-1 8 1 14 -1 -1 -1 -1 -1 6 7 -1 10 16 -1 5
12 -1 -1 -1 16 -1 -1 -1 10 5 -1 1 -1 -1 -1 15
-1 -1 7 -1 -1 -1 -1 2 9 8 13 12 1 -1 -1 -1
-1 4 -1 -1 -1 10 14 -1 13 9 -1 8 11 -1 -1 -1
-1 -1 12 10 13 -1 -1 -1 7 15 6 -1 -1 4 -1 2
-1 9 -1 -1 2 -1 -1 -1 3 -1 -1 11 8 5 -1 -1
13 5 -1 16 9 -1 -1 -1 -1 -1 -1 -1 -1 12 15 -1
-1 1 4 -1 -1 -1 -1 -1 -1 -1 -1 13 14 -1 3 16
-1 -1 2 9 15 -1 -1 6 -1 -1 -1 7 -1 -1 13 -1
6 -1 5 -1 -1 9 4 12 -1 -1 -1 14 7 15 -1 -1
-1 -1 -1 12 14 -1 16 13 -1 2 1 -1 -1 -1 6 -1
-1 -1 -1 1 6 14 13 15 11 -1 -1 -1 -1 7 -1 -1
9 -1 -1 -1 12 -1 1 8 -1 -1 -1 16 -1 -1 -1 10
14 -1 11 8 -1 2 7 -1 -1 -1 -1 -1 15 9 5 -1
-1 15 -1 -1 -1 -1 -1 10 -1 3 -1 -1 16 -1 -1 -1