4
1
14 4 9 -1 2 -1 7 -1 -1 1 -1 3 -1 8 12 16
-1 -1 -1 2 9 -1 -1 -1 -1 -1 -1 8 4 -1 -1 -1
11 15 -1 3 -1 -1 13 16 6 2 -1 -1 7 -1 5 9
-1 13 -1 -1 4 3 -1 -1 -1 -1 5 10 -1 -1 14 -1
4 16 13 15 3 -1 -1 8 2 -1 -1 5 10 12 6 14
9 3 -1 -1 -1 4 11 -1 -1 14 16 -1 -1 -1 8 1
-1 14 7 -1 13 12 -1 -1 -1 -1 8 1 -1 9 16 -1
-1 -1 -1 11 -1 -1 -1 -1 -1 -1 -1 -1 15 -1 -1 -1
-1 -1 -1 1 -1 -1 -1 -1 -1 -1 -1 -1 12 -1 -1 -1
-1 8 4 -1 11 2 -1 -1 -1 -1 6 12 -1 13 7 -1
3 9 -1 -1 -1 7 8 -1 -1 13 10 -1 -1 -1 4 2
12 7 15 13 16 -1 -1 9 1 -1 -1 2 3 14 10 6
-1 6 -1 -1 12 13 -1 -1 -1 -1 1 16 -1 -1 2 -1
8 11 -1 7 -1 -1 2 6 4 12 -1 -1 14 -1 1 10
-1 -1 -1 9 1 -1 -1 -1 -1 -1 -1 14 5 -1 -1 -1
16 5 1 -1 7 -1 14 -1 -1 6 -1 11 -1 4 3 13