4
1
4 -1 8 12 11 9 16 -1 -1 -1 13 -1 -1 15 10 2
16 -1 -1 1 8 -1 -1 10 9 6 -1 -1 -1 14 -1 -1
15 9 -1 -1 -1 -1 14 13 -1 -1 8 -1 -1 -1 -1 11
-1 -1 -1 13 7 3 -1 -1 -1 2 15 -1 16 -1 8 1
-1 -1 -1 -1 -1 -1 -1 2 -1 -1 -1 -1 12 -1 15 9
3 -1 13 7 -1 14 6 -1 -1 -1 9 -1 4 -1 -1 10
-1 12 -1 4 -1 -1 13 9 -1 16 10 -1 -1 3 -1 7
-1 2 -1 -1 -1 -1 -1 -1 -1 7 -1 3 -1 6 5 -1
-1 3 11 -1 5 -1 2 -1 -1 -1 -1 -1 -1 -1 13 -1
6 -1 4 -1 -1 16 8 -1 15 12 -1 -1 11 -1 2 -1
14 -1 -1 16 -1 11 -1 -1 -1 13 2 -1 1 8 -1 15
12 13 -1 2 -1 -1 -1 -1 3 -1 -1 -1 -1 -1 -1 -1
13 1 -1 11 -1 8 15 -1 -1 -1 12 9 14 -1 -1 -1
2 -1 -1 -1 -1 13 -1 -1 1 11 -1 -1 -1 -1 16 5
-1 -1 5 -1 -1 -1 1 7 13 -1 -1 16 9 -1 -1 12
7 14 9 -1 -1 12 -1 -1 -1 4 6 8 15 13 -1 3