4
1
-1 -1 -1 -1 16 5 13 -1 12 1 -1 -1 -1 11 2 -1
6 -1 -1 -1 14 -1 11 12 -1 16 -1 -1 13 8 -1 -1
13 1 3 12 -1 -1 7 -1 -1 4 -1 -1 5 16 -1 -1
-1 7 2 11 4 8 -1 -1 5 -1 6 -1 12 9 -1 -1
-1 -1 -1 -1 11 9 14 -1 -1 -1 -1 15 4 -1 1 2
-1 -1 -1 10 -1 -1 15 13 7 11 -1 12 8 -1 -1 3
14 6 15 -1 -1 1 -1 -1 -1 -1 16 3 -1 13 11 9
11 -1 -1 4 -1 2 -1 8 9 -1 1 -1 -1 -1 16 -1
-1 5 -1 -1 -1 7 -1 14 13 -1 12 -1 16 -1 -1 8
12 9 13 -1 1 4 -1 -1 -1 -1 14 -1 -1 10 3 5
8 -1 -1 2 13 -1 5 9 1 10 -1 -1 6 -1 -1 -1
7 16 -1 3 6 -1 -1 -1 -1 2 5 9 -1 -1 -1 -1
-1 -1 6 13 -1 14 -1 5 -1 -1 11 4 10 2 7 -1
-1 -1 9 5 -1 -1 2 -1 -1 8 -1 -1 11 3 13 4
-1 -1 7 16 -1 -1 4 -1 6 14 -1 5 -1 -1 -1 15
-1 11 8 -1 -1 -1 9 7 -1 12 3 2 -1 -1 -1 -1