4
1
-1 -1 -1 11 5 6 2 14 -1 1 16 -1 -1 -1 -1 -1
-1 13 2 7 10 -1 -1 -1 4 -1 -1 -1 5 6 11 -1
-1 16 6 -1 -1 11 -1 12 -1 -1 2 -1 -1 14 7 -1
-1 1 -1 12 -1 -1 7 -1 13 11 -1 -1 3 -1 4 2
-1 -1 -1 -1 3 7 -1 2 14 -1 -1 16 -1 -1 6 4
13 -1 3 -1 -1 5 -1 -1 12 -1 10 8 -1 16 -1 1
12 -1 -1 10 -1 -1 -1 15 9 -1 -1 -1 13 -1 -1 3
-1 2 -1 15 13 16 8 -1 -1 3 -1 4 -1 5 -1 14
2 -1 8 -1 15 -1 4 -1 -1 12 14 11 16 -1 5 -1
14 -1 -1 13 -1 -1 -1 16 5 -1 -1 -1 12 -1 -1 11
1 -1 5 -1 2 12 -1 13 -1 -1 9 -1 -1 15 -1 8
15 12 -1 -1 14 -1 -1 5 16 -1 8 1 -1 -1 -1 -1
10 3 -1 5 -1 -1 16 8 -1 9 -1 -1 6 -1 14 -1
-1 15 4 -1 -1 10 -1 -1 2 -1 1 -1 -1 3 9 -1
-1 14 1 6 -1 -1 -1 3 -1 -1 -1 12 4 2 16 -1
-1 -1 -1 -1 -1 14 1 -1 7 6 3 10 15 -1 -1 -1