4
1
-1 9 -1 1 16 -1 3 12 7 -1 -1 -1 -1 -1 -1 -1
2 -1 11 -1 9 -1 -1 -1 -1 -1 -1 8 -1 3 -1 -1
-1 10 -1 -1 -1 11 6 7 -1 13 12 16 5 -1 -1 -1
16 -1 -1 -1 -1 8 5 2 4 -1 9 -1 -1 11 1 -1
-1 8 -1 13 -1 -1 -1 -1 -1 -1 -1 -1 10 6 -1 16
-1 -1 -1 -1 8 4 9 6 -1 -1 -1 10 13 -1 -1 -1
14 -1 -1 -1 5 10 1 -1 11 9 13 -1 7 -1 -1 8
7 -1 -1 -1 -1 -1 -1 -1 -1 14 -1 -1 1 -1 12 -1
-1 6 -1 8 -1 -1 13 -1 -1 -1 -1 -1 -1 -1 -1 2
9 -1 -1 11 -1 5 2 3 -1 15 8 7 -1 -1 -1 12
-1 -1 -1 2 14 -1 -1 -1 12 11 16 9 -1 -1 -1 -1
10 -1 16 3 -1 -1 -1 -1 -1 -1 -1 -1 11 -1 6 -1
-1 4 10 -1 -1 14 -1 13 9 12 5 -1 -1 -1 -1 15
-1 -1 -1 12 2 1 10 -1 3 16 4 -1 -1 -1 9 -1
-1 -1 15 -1 11 -1 -1 -1 -1 -1 -1 14 -1 13 -1 10
-1 -1 -1 -1 -1 -1 -1 8 13 7 -1 1 6 -1 4 -1