4
1
1 -1 -1 3 -1 -1 7 -1 -1 14 -1 -1 15 -1 -1 6
-1 13 -1 16 -1 -1 6 5 4 8 -1 -1 11 -1 10 -1
-1 -1 7 4 16 -1 -1 -1 -1 -1 -1 6 1 3 -1 -1
8 -1 -1 -1 10 3 -1 12 16 -1 1 13 -1 -1 -1 4
-1 9 2 -1 6 -1 4 -1 -1 13 -1 1 -1 7 12 -1
14 -1 10 -1 15 -1 -1 1 9 -1 -1 7 -1 11 -1 8
7 -1 -1 -1 -1 -1 16 -1 -1 6 -1 -1 -1 -1 -1 14
-1 5 -1 15 7 -1 -1 8 2 -1 -1 11 9 -1 3 -1
-1 6 -1 9 8 -1 -1 16 1 -1 -1 4 14 -1 15 -1
10 -1 -1 -1 -1 -1 5 -1 -1 15 -1 -1 -1 -1 -1 1
2 -1 15 -1 12 -1 -1 14 13 -1 -1 16 -1 4 -1 3
-1 12 16 -1 1 -1 10 -1 -1 2 -1 14 -1 5 9 -1
3 -1 -1 -1 5 9 -1 7 8 -1 13 15 -1 -1 -1 12
-1 -1 1 2 3 -1 -1 -1 -1 -1 -1 9 16 6 -1 -1
-1 8 -1 12 -1 -1 1 6 11 16 -1 -1 7 -1 2 -1
15 -1 -1 7 -1 -1 8 -1 -1 12 -1 -1 3 -1 -1 10