4
1
-1 -1 -1 -1 -1 13 5 -1 -1 7 -1 1 6 9 -1 -1
-1 -1 4 -1 -1 2 11 14 8 -1 16 -1 -1 10 -1 -1
8 13 10 -1 -1 -1 -1 7 5 2 -1 -1 11 16 15 -1
16 -1 9 14 10 -1 8 6 -1 -1 3 15 2 -1 -1 -1
12 -1 -1 4 16 1 -1 -1 -1 -1 -1 7 15 -1 -1 -1
-1 16 -1 10 -1 -1 -1 3 1 5 -1 6 -1 -1 12 8
14 -1 5 -1 -1 15 7 -1 4 16 -1 -1 1 -1 10 2
-1 9 1 -1 -1 11 14 -1 -1 -1 13 -1 5 4 16 -1
-1 6 8 13 -1 3 -1 -1 -1 12 5 -1 -1 11 9 -1
4 14 -1 5 -1 -1 9 11 -1 3 1 -1 -1 15 -1 16
3 11 -1 -1 14 -1 16 1 10 -1 -1 -1 12 -1 4 -1
-1 -1 -1 9 5 -1 -1 -1 -1 -1 15 8 3 -1 -1 7
-1 -1 -1 12 9 16 -1 -1 15 1 -1 5 13 8 -1 11
-1 4 6 8 -1 -1 13 15 12 -1 -1 -1 -1 3 14 5
-1 -1 2 -1 -1 14 -1 10 7 13 11 -1 -1 12 -1 -1
-1 -1 14 15 11 -1 3 -1 -1 8 6 -1 -1 -1 -1 -1