4
1
-1 -1 3 -1 -1 11 1 9 5 8 7 -1 -1 16 -1 -1
14 11 -1 -1 16 -1 -1 -1 -1 -1 -1 3 -1 -1 7 13
-1 7 -1 -1 14 -1 -1 10 6 -1 -1 13 -1 -1 5 -1
5 15 8 4 -1 12 7 -1 -1 16 11 -1 6 10 3 9
-1 -1 -1 -1 -1 -1 13 -1 -1 3 -1 -1 -1 -1 -1 -1
-1 -1 -1 14 11 16 -1 7 15 -1 12 2 1 -1 -1 -1
-1 13 1 7 -1 2 -1 14 10 -1 5 -1 16 12 15 -1
8 6 2 -1 15 -1 -1 -1 -1 -1 -1 7 -1 3 9 4
6 16 7 -1 9 -1 -1 -1 -1 -1 -1 1 -1 11 10 14
-1 1 13 11 -1 6 -1 12 8 -1 15 -1 3 9 16 -1
-1 -1 -1 3 10 1 -1 8 7 -1 2 11 5 -1 -1 -1
-1 -1 -1 -1 -1 -1 14 -1 -1 5 -1 -1 -1 -1 -1 -1
13 14 11 2 -1 5 15 -1 -1 1 10 -1 9 7 6 8
-1 3 -1 -1 7 -1 -1 2 11 -1 -1 5 -1 -1 13 -1
7 9 -1 -1 8 -1 -1 -1 -1 -1 -1 15 -1 -1 11 12
-1 -1 10 -1 -1 13 11 16 9 7 6 -1 -1 15 -1 -1