4
1
5 -1 11 -1 3 15 -1 -1 -1 -1 4 7 -1 16 -1 2
-1 12 -1 16 -1 -1 -1 13 15 -1 -1 -1 8 -1 7 -1
-1 -1 -1 8 -1 11 -1 1 9 -1 3 -1 13 -1 -1 -1
15 13 -1 -1 -1 -1 6 -1 -1 8 -1 -1 -1 -1 9 4
-1 6 -1 10 11 -1 7 -1 -1 12 -1 8 4 -1 2 -1
-1 3 -1 7 8 4 12 -1 -1 5 16 13 1 -1 11 -1
-1 -1 5 13 1 3 10 16 7 6 11 2 14 8 -1 -1
-1 -1 -1 -1 -1 13 -1 -1 -1 -1 14 -1 -1 -1 -1 -1
-1 -1 -1 -1 -1 7 -1 -1 -1 -1 2 -1 -1 -1 -1 -1
-1 -1 16 2 5 1 11 4 13 7 9 6 3 10 -1 -1
-1 1 -1 9 16 10 14 -1 -1 11 12 3 7 -1 4 -1
-1 7 -1 3 6 -1 13 -1 -1 14 -1 15 11 -1 16 -1
1 11 -1 -1 -1 -1 15 -1 -1 4 -1 -1 -1 -1 6 7
-1 -1 -1 15 -1 5 -1 11 6 -1 7 -1 12 -1 -1 -1
-1 16 -1 5 -1 -1 -1 7 14 -1 -1 -1 15 -1 10 -1
7 -1 14 -1 10 16 -1 -1 -1 -1 1 11 -1 5 -1 3