4
1
-1 -1 13 -1 2 -1 -1 -1 5 10 1 -1 -1 -1 -1 15
14 2 1 15 -1 -1 9 -1 -1 6 -1 13 -1 -1 -1 16
7 10 -1 9 16 1 -1 -1 2 14 -1 4 13 -1 -1 8
-1 11 6 4 -1 3 15 10 -1 -1 -1 8 -1 14 -1 2
-1 -1 -1 3 -1 -1 -1 15 -1 -1 -1 16 2 10 -1 -1
-1 15 7 -1 -1 -1 5 -1 8 13 4 -1 11 -1 3 -1
4 -1 -1 -1 -1 12 -1 -1 -1 -1 -1 15 8 -1 13 1
-1 16 -1 -1 -1 -1 11 3 10 2 -1 -1 -1 -1 -1 6
3 -1 -1 -1 -1 -1 4 12 15 8 -1 -1 -1 -1 6 -1
9 4 -1 11 1 -1 -1 -1 -1 -1 13 -1 -1 -1 -1 14
-1 12 -1 10 -1 14 8 13 -1 11 -1 -1 -1 1 5 -1
-1 -1 16 8 11 -1 -1 -1 1 -1 -1 -1 12 -1 -1 -1
11 -1 10 -1 8 -1 -1 -1 6 15 2 -1 3 13 14 -1
2 -1 -1 1 6 -1 14 5 -1 -1 10 3 9 -1 8 4
6 -1 -1 -1 9 -1 3 -1 -1 5 -1 -1 1 12 2 11
8 -1 -1 -1 -1 13 1 2 -1 -1 -1 9 -1 6 -1 -1