4
1
8 -1 -1 7 -1 -1 2 -1 -1 3 11 5 9 -1 -1 -1
-1 -1 -1 -1 14 9 -1 -1 8 -1 7 -1 -1 -1 16 -1
6 -1 -1 -1 16 -1 -1 -1 -1 -1 -1 -1 10 -1 -1 3
10 14 -1 9 3 5 -1 15 -1 -1 4 16 2 6 -1 8
-1 -1 -1 -1 12 -1 -1 5 -1 -1 -1 -1 -1 3 -1 -1
-1 -1 -1 6 -1 -1 7 -1 13 -1 -1 12 11 -1 -1 -1
11 -1 14 8 -1 -1 13 -1 -1 7 3 2 -1 -1 -1 -1
-1 5 1 -1 -1 6 -1 14 16 -1 8 -1 -1 -1 -1 2
1 -1 -1 -1 -1 14 -1 11 12 -1 6 -1 -1 16 9 -1
-1 -1 -1 -1 8 1 16 -1 -1 11 -1 -1 14 2 -1 13
-1 -1 -1 2 9 -1 -1 12 -1 8 -1 -1 5 -1 -1 -1
-1 -1 6 -1 -1 -1 -1 -1 5 -1 -1 4 -1 -1 -1 -1
4 -1 13 14 1 7 -1 -1 3 -1 2 9 8 -1 10 12
7 -1 -1 15 -1 -1 -1 -1 -1 -1 -1 11 -1 -1 -1 14
-1 8 -1 -1 -1 4 -1 13 -1 -1 12 1 -1 -1 -1 -1
-1 -1 -1 10 5 16 15 -1 -1 6 -1 -1 13 -1 -1 7