4
1
10 -1 -1 -1 1 8 -1 -1 7 9 -1 -1 12 -1 -1 6
-1 3 7 -1 10 2 -1 -1 -1 15 13 -1 -1 -1 14 9
16 1 4 13 -1 -1 5 -1 -1 -1 8 12 -1 10 -1 -1
-1 2 6 8 -1 14 7 -1 3 10 -1 -1 -1 -1 13 5
3 -1 -1 -1 13 1 -1 -1 -1 7 10 2 -1 8 -1 4
7 12 15 -1 9 -1 -1 4 -1 -1 -1 -1 13 -1 2 -1
5 -1 -1 6 3 -1 10 2 8 -1 -1 -1 1 12 15 -1
-1 -1 -1 1 -1 6 -1 -1 -1 3 15 13 -1 -1 5 -1
-1 10 -1 -1 15 12 6 -1 -1 -1 9 -1 3 -1 -1 -1
-1 13 2 15 -1 -1 -1 3 10 5 -1 1 14 -1 -1 8
-1 9 -1 16 -1 -1 -1 -1 13 -1 -1 7 -1 15 1 12
14 -1 12 -1 16 9 13 -1 -1 -1 3 15 -1 -1 -1 7
1 7 -1 -1 -1 -1 9 11 -1 2 14 -1 4 3 12 -1
-1 -1 9 -1 14 3 -1 -1 -1 12 -1 -1 5 13 7 15
15 14 -1 -1 -1 10 12 -1 -1 -1 16 5 -1 2 9 -1
13 -1 -1 12 -1 -1 2 15 -1 -1 7 3 -1 -1 -1 14