4
1
10 5 7 -1 -1 -1 8 14 4 -1 -1 -1 -1 -1 -1 9
-1 4 12 8 5 -1 6 -1 -1 -1 -1 9 -1 14 3 11
-1 14 1 -1 -1 -1 3 16 6 5 7 -1 -1 10 12 8
-1 -1 -1 15 -1 1 -1 9 -1 8 14 10 5 -1 7 -1
-1 8 -1 5 -1 7 -1 -1 -1 4 15 -1 -1 -1 2 -1
-1 -1 9 3 1 6 -1 -1 -1 -1 11 16 8 -1 -1 -1
-1 -1 14 2 10 -1 -1 4 -1 -1 -1 -1 -1 13 9 7
15 -1 4 -1 -1 -1 -1 8 5 6 -1 -1 16 1 -1 3
6 -1 8 4 -1 -1 14 12 11 -1 -1 -1 -1 15 -1 5
5 15 10 -1 -1 -1 -1 -1 12 -1 -1 6 3 7 -1 -1
-1 -1 -1 7 15 4 -1 -1 -1 -1 1 5 2 8 -1 -1
-1 2 -1 -1 -1 3 5 -1 -1 -1 8 -1 12 -1 1 -1
-1 9 -1 1 3 14 2 -1 8 -1 4 -1 10 -1 -1 -1
11 13 2 -1 -1 16 4 15 10 12 -1 -1 -1 9 8 -1
8 16 5 -1 12 -1 -1 -1 -1 13 -1 14 15 3 11 -1
4 -1 -1 -1 -1 -1 -1 5 7 11 -1 -1 -1 2 16 6