4
1
-1 -1 5 13 -1 -1 -1 3 15 -1 -1 -1 10 9 -1 -1
12 -1 -1 -1 4 15 7 -1 -1 16 9 10 -1 -1 -1 1
-1 14 9 -1 10 -1 6 -1 -1 7 -1 2 -1 3 5 -1
10 4 16 7 -1 9 8 -1 -1 5 6 -1 15 12 11 2
-1 13 -1 -1 -1 4 -1 7 8 -1 15 -1 -1 -1 12 -1
7 16 2 -1 15 -1 11 -1 -1 3 -1 9 -1 4 13 10
-1 15 -1 11 -1 12 -1 -1 -1 -1 13 -1 9 -1 1 -1
-1 -1 -1 -1 -1 -1 1 -1 -1 10 -1 -1 -1 -1 -1 -1
-1 -1 -1 -1 -1 -1 9 -1 -1 6 -1 -1 -1 -1 -1 -1
-1 6 -1 5 -1 1 -1 -1 -1 -1 12 -1 2 -1 10 -1
16 10 15 -1 6 -1 12 -1 -1 9 -1 1 -1 13 7 11
-1 3 -1 -1 -1 13 -1 8 7 -1 2 -1 -1 -1 4 -1
4 9 7 1 -1 3 15 -1 -1 12 8 -1 6 10 16 13
-1 11 10 -1 9 -1 4 -1 -1 13 -1 16 -1 14 8 -1
5 -1 -1 -1 12 10 13 -1 -1 4 7 15 -1 -1 -1 3
-1 -1 3 6 -1 -1 -1 11 9 -1 -1 -1 5 2 -1 -1