4
1
16 -1 -1 11 -1 -1 1 2 -1 -1 -1 -1 7 3 -1 12
-1 -1 8 13 11 -1 7 12 16 9 10 -1 -1 -1 -1 -1
6 -1 3 -1 -1 -1 13 -1 -1 -1 4 14 -1 8 11 -1
4 -1 -1 -1 3 8 16 -1 2 1 -1 -1 -1 -1 10 13
-1 -1 15 -1 -1 -1 -1 -1 -1 -1 -1 -1 14 -1 6 -1
-1 14 6 -1 -1 7 5 13 15 16 3 -1 11 -1 -1 -1
-1 7 -1 16 -1 15 9 1 6 14 11 -1 4 5 8 3
-1 11 -1 3 -1 14 2 -1 -1 8 9 -1 -1 -1 15 1
7 4 -1 -1 -1 3 14 -1 -1 6 2 -1 5 -1 1 -1
9 8 5 2 -1 12 11 7 13 15 14 -1 3 -1 16 -1
-1 -1 -1 10 -1 5 6 15 4 3 1 -1 -1 12 9 -1
-1 15 -1 6 -1 -1 -1 -1 -1 -1 -1 -1 -1 14 -1 -1
12 1 -1 -1 -1 -1 15 4 -1 11 5 16 -1 -1 -1 14
-1 13 4 -1 14 16 -1 -1 -1 2 -1 -1 -1 9 -1 8
-1 -1 -1 -1 -1 13 8 9 7 4 -1 1 12 10 -1 -1
11 -1 10 7 -1 -1 -1 -1 14 13 -1 -1 15 -1 -1 4