4
1
-1 -1 -1 -1 -1 11 -1 -1 1 -1 -1 16 -1 13 12 4
-1 -1 12 -1 -1 13 -1 1 -1 6 -1 -1 15 -1 8 -1
-1 1 -1 -1 -1 -1 -1 -1 5 -1 12 2 16 -1 -1 -1
3 -1 4 14 -1 -1 7 6 -1 15 -1 11 -1 -1 5 -1
-1 -1 -1 16 -1 7 -1 10 11 -1 14 -1 -1 -1 6 2
4 -1 6 -1 -1 -1 5 -1 -1 3 8 -1 12 11 -1 15
7 -1 -1 -1 -1 -1 -1 -1 -1 10 -1 6 13 -1 -1 8
-1 -1 -1 -1 -1 8 11 3 -1 -1 15 -1 -1 4 -1 -1
-1 -1 14 -1 -1 1 -1 -1 9 16 6 -1 -1 -1 -1 -1
13 -1 -1 4 14 -1 10 -1 -1 -1 -1 -1 -1 -1 -1 9
5 -1 9 6 -1 3 16 -1 -1 12 -1 -1 -1 15 -1 10
1 8 -1 -1 -1 6 -1 12 7 -1 11 -1 3 -1 -1 -1
-1 4 -1 -1 7 -1 12 -1 16 5 -1 -1 1 6 -1 14
-1 -1 -1 10 4 14 -1 15 -1 -1 -1 -1 -1 -1 13 -1
-1 9 -1 13 -1 -1 2 -1 3 -1 10 -1 -1 16 -1 -1
14 15 3 -1 13 -1 -1 11 -1 -1 2 -1 -1 -1 -1 -1