4
1
-1 13 -1 -1 -1 10 12 -1 -1 1 8 -1 -1 -1 3 -1
-1 -1 14 6 -1 -1 11 -1 -1 12 -1 -1 1 16 -1 -1
8 5 12 11 9 16 -1 -1 -1 -1 6 3 2 15 10 7
3 -1 -1 -1 4 8 -1 5 7 -1 14 9 -1 -1 -1 12
6 -1 -1 7 -1 1 3 -1 -1 11 9 -1 14 -1 -1 2
12 11 2 -1 -1 -1 -1 -1 -1 -1 -1 -1 -1 1 7 15
-1 -1 13 9 -1 -1 4 2 14 5 -1 -1 6 12 -1 -1
-1 -1 5 -1 10 -1 -1 -1 -1 -1 -1 1 -1 9 -1 -1
-1 -1 4 -1 2 -1 -1 -1 -1 -1 -1 6 -1 11 -1 -1
-1 -1 3 13 -1 -1 5 12 15 8 -1 -1 16 10 -1 -1
9 2 15 -1 -1 -1 -1 -1 -1 -1 -1 -1 -1 14 8 5
11 -1 -1 8 -1 4 7 -1 -1 3 5 -1 9 -1 -1 13
5 -1 -1 -1 7 14 -1 8 6 -1 4 2 -1 -1 -1 1
10 16 8 4 13 11 -1 -1 -1 -1 7 5 12 6 14 9
-1 -1 7 14 -1 -1 9 -1 -1 10 -1 -1 4 5 -1 -1
-1 9 -1 -1 -1 6 16 -1 -1 14 11 -1 -1 -1 15 -1