4
1
7 -1 11 12 -1 4 -1 -1 15 14 10 -1 2 -1 -1 16
-1 -1 6 2 3 -1 5 -1 -1 -1 -1 16 -1 10 12 9
16 -1 -1 -1 2 -1 -1 14 9 11 -1 3 -1 -1 7 4
4 -1 -1 8 10 -1 15 16 -1 2 -1 12 -1 -1 -1 6
-1 13 -1 4 -1 5 -1 -1 -1 7 -1 -1 -1 12 -1 11
2 -1 -1 14 -1 7 10 -1 8 -1 -1 -1 13 3 -1 -1
5 15 -1 9 12 -1 -1 -1 10 6 -1 -1 8 7 1 -1
-1 7 12 -1 -1 3 16 -1 13 -1 -1 2 -1 -1 9 -1
-1 6 -1 -1 16 -1 -1 5 -1 9 15 -1 -1 14 10 -1
-1 2 4 7 -1 -1 6 1 -1 -1 -1 5 9 -1 15 12
-1 -1 5 15 -1 -1 -1 2 -1 12 4 -1 11 -1 -1 1
11 -1 9 -1 -1 -1 3 -1 -1 -1 6 -1 5 -1 13 -1
1 -1 -1 -1 11 -1 9 -1 5 3 -1 13 12 -1 -1 2
14 11 -1 -1 8 -1 4 3 12 -1 -1 15 -1 -1 -1 5
12 8 2 -1 5 -1 -1 -1 -1 16 -1 9 10 4 -1 -1
9 -1 -1 3 -1 10 1 12 -1 -1 2 -1 7 11 -1 8