4
1
-1 15 14 6 -1 10 -1 8 -1 -1 -1 -1 -1 -1 1 -1
1 4 5 -1 -1 7 -1 14 -1 -1 15 -1 -1 -1 6 8
-1 -1 -1 12 -1 4 -1 -1 14 16 8 2 -1 -1 5 15
-1 -1 -1 -1 5 15 13 -1 7 11 1 -1 -1 12 -1 4
-1 -1 4 -1 8 2 10 -1 12 -1 -1 1 11 -1 -1 -1
-1 8 12 7 -1 -1 5 -1 -1 -1 -1 10 13 2 4 16
-1 -1 1 15 -1 -1 9 -1 16 8 3 11 10 -1 -1 -1
-1 -1 10 9 15 -1 14 6 13 -1 -1 -1 -1 -1 7 1
15 9 -1 -1 -1 -1 -1 5 3 12 -1 7 1 8 -1 -1
-1 -1 -1 3 2 1 12 13 -1 6 -1 -1 7 4 -1 -1
10 1 7 2 6 -1 -1 -1 -1 4 -1 -1 16 15 12 -1
-1 -1 -1 4 9 -1 -1 15 -1 1 10 8 -1 14 -1 -1
13 -1 15 -1 -1 6 2 11 -1 5 9 3 -1 -1 -1 -1
4 11 -1 -1 13 8 3 10 -1 -1 2 -1 5 -1 -1 -1
8 7 -1 -1 -1 5 -1 -1 11 -1 4 -1 -1 9 3 6
-1 6 -1 -1 -1 -1 -1 -1 8 -1 7 -1 12 11 13 -1