4
1
-1 -1 -1 -1 9 -1 -1 -1 5 -1 -1 -1 3 11 -1 -1
-1 -1 -1 13 1 3 -1 7 -1 4 -1 -1 -1 -1 -1 15
6 3 7 -1 -1 -1 2 -1 -1 8 1 10 12 9 -1 -1
-1 2 16 -1 -1 5 -1 -1 -1 -1 -1 -1 -1 1 8 13
-1 -1 -1 15 4 -1 -1 -1 3 -1 -1 -1 8 12 -1 -1
14 -1 13 -1 7 -1 -1 6 -1 -1 16 -1 -1 -1 10 5
12 5 -1 6 -1 -1 3 -1 -1 -1 -1 15 -1 2 -1 -1
4 -1 10 -1 -1 -1 1 13 7 2 -1 9 -1 -1 11 -1
-1 14 -1 -1 13 -1 9 12 10 6 -1 -1 -1 15 -1 1
-1 -1 9 -1 5 -1 -1 -1 -1 14 -1 -1 13 -1 2 6
11 6 -1 -1 -1 4 -1 -1 13 -1 -1 5 -1 7 -1 10
-1 -1 15 4 -1 -1 -1 10 -1 -1 -1 12 9 -1 -1 -1
10 11 4 -1 -1 -1 -1 -1 -1 -1 2 -1 -1 16 6 -1
-1 -1 6 8 15 11 13 -1 -1 5 -1 -1 -1 10 4 7
1 -1 -1 -1 -1 -1 6 -1 9 -1 14 4 11 -1 -1 -1
-1 -1 3 2 -1 -1 -1 5 -1 -1 -1 11 -1 -1 -1 -1