4
1
6 2 10 -1 -1 13 -1 16 14 -1 8 -1 -1 11 9 3
-1 -1 -1 -1 -1 7 -1 -1 -1 -1 3 -1 -1 -1 -1 -1
12 11 1 -1 8 -1 5 -1 -1 15 -1 9 -1 14 2 6
-1 9 -1 15 10 -1 14 -1 -1 6 -1 4 8 -1 12 -1
5 -1 2 -1 -1 -1 3 6 8 14 -1 -1 -1 7 -1 12
15 -1 -1 -1 13 8 -1 2 3 -1 6 7 -1 -1 -1 9
13 -1 -1 -1 -1 -1 -1 -1 -1 -1 -1 -1 -1 -1 -1 15
16 -1 -1 3 -1 12 11 10 5 4 9 -1 13 -1 -1 2
8 -1 -1 11 -1 10 15 5 1 2 7 -1 9 -1 -1 4
2 -1 -1 -1 -1 -1 -1 -1 -1 -1 -1 -1 -1 -1 -1 1
9 -1 -1 -1 7 2 -1 4 13 -1 15 10 -1 -1 -1 5
10 -1 15 -1 -1 -1 9 1 11 3 -1 -1 -1 13 -1 7
-1 10 -1 9 14 -1 16 -1 -1 1 -1 3 12 -1 4 -1
14 16 5 -1 11 -1 13 -1 -1 7 -1 2 -1 1 3 8
-1 -1 -1 -1 -1 5 -1 -1 -1 -1 14 -1 -1 -1 -1 -1
1 8 4 -1 -1 3 -1 12 16 -1 11 -1 -1 15 7 14