4
1
6 13 -1 5 15 -1 11 8 3 -1 -1 7 -1 -1 -1 -1
-1 15 -1 7 6 1 -1 -1 -1 8 5 4 -1 10 -1 -1
3 9 -1 8 -1 13 -1 -1 11 -1 -1 14 15 -1 6 -1
-1 -1 14 -1 3 -1 9 5 6 15 -1 -1 -1 12 11 1
15 6 5 -1 -1 -1 -1 -1 -1 16 11 10 -1 -1 -1 2
-1 -1 -1 3 -1 6 12 7 13 9 -1 -1 -1 8 -1 11
-1 -1 13 14 -1 -1 8 2 15 -1 7 -1 -1 -1 5 -1
11 -1 7 -1 13 15 -1 -1 -1 -1 3 -1 6 1 9 -1
-1 10 9 11 -1 5 -1 -1 -1 -1 8 1 -1 15 -1 6
-1 3 -1 -1 -1 14 -1 11 16 5 -1 -1 1 2 -1 -1
12 -1 16 -1 -1 -1 13 15 7 11 9 -1 10 -1 -1 -1
5 -1 -1 -1 1 12 6 -1 -1 -1 -1 -1 -1 11 8 4
7 14 6 -1 -1 -1 15 9 1 10 -1 11 -1 3 -1 -1
-1 5 -1 9 10 -1 -1 13 -1 -1 6 -1 11 -1 2 14
-1 -1 10 -1 11 16 5 -1 -1 -1 15 9 7 -1 1 -1
-1 -1 -1 -1 2 -1 -1 6 5 14 -1 8 12 -1 10 15