4
1
15 -1 -1 2 14 -1 10 -1 -1 4 -1 -1 -1 -1 3 11
-1 -1 16 -1 -1 -1 -1 6 -1 8 -1 -1 -1 -1 -1 -1
-1 5 -1 13 1 -1 9 -1 -1 7 15 16 -1 -1 -1 14
7 -1 1 9 -1 8 15 16 -1 -1 -1 -1 -1 -1 -1 13
-1 13 -1 8 -1 -1 -1 1 7 2 -1 -1 -1 -1 11 -1
-1 -1 -1 -1 4 -1 6 5 -1 14 -1 -1 -1 1 13 8
12 11 -1 -1 -1 15 -1 7 -1 -1 -1 13 -1 5 2 -1
-1 2 -1 4 8 -1 13 -1 -1 -1 -1 -1 -1 9 15 -1
-1 8 15 -1 -1 -1 -1 -1 -1 1 -1 3 2 -1 16 -1
-1 16 10 -1 15 -1 -1 -1 11 -1 12 -1 -1 -1 9 7
11 3 4 -1 -1 -1 1 -1 10 13 -1 8 -1 -1 -1 -1
-1 7 -1 -1 -1 -1 14 8 16 -1 -1 -1 6 -1 1 -1
3 -1 -1 -1 -1 -1 -1 -1 13 12 4 -1 15 14 -1 16
13 -1 -1 -1 9 14 7 -1 -1 3 -1 11 1 -1 8 -1
-1 -1 -1 -1 -1 -1 4 -1 8 -1 -1 -1 -1 3 -1 -1
8 15 -1 -1 -1 -1 11 -1 -1 16 -1 6 13 -1 -1 9